17.37 68.65 93.49
0.81 43.41 43.08
68.33 65.22 94.9
36.84 88.97 94.51
23.77 62.73 32.03
23.98 15.78 1.41
44.01 44.65 34.38
72.29 22.66 97.5
70.35 25.6 85.81
93.72 75.28 16.79
12.66 39.65 95.86
49.18 99.4 87.93
48.62 79.87 5.89
4.2 13.75 23.96
28.24 30.67 9.06
62.93 15.17 44.13
22.64 25.94 41.28
59.91 37.73 39.3
40.27 18.08 6.79
6.69 26.21 38.95
57.52 87.59 61.31
48.41 77.04 53.49
83.1 49.68 61.32
27.75 37.01 71.12
95.15 11.91 88.84
75.96 53.87 64.1
80.05 48.16 24.4
10.92 11.1 34.16
0.29 3.21 26.52
82.33 18.78 28.97
27.03 27.74 28.44
95.87 3.89 73.11
72.5 39.41 80.67
32.05 97.77 92.27
27.05 51.84 63.51
20.14 49.74 86.12
11.25 10.47 92.84
64.17 12.48 91.65
74.2 59.47 0.07
56.59 13.33 76.42
19.03 53.17 4.98
25.78 83.64 64.44
64.66 78.29 98.18
19.67 25.16 0.87
25.39 53.01 74.49
88.19 47.53 78.33
76.12 81.41 19.33
20.37 35.84 65.51
93.37 41.3 20.58
20.07 21.64 10.71
38.07 42.49 7.64
50.24 84.46 80.17
69.92 7.13 45.61
73.8 68.06 0.27
35.84 31.12 62.83
8.29 83.26 22.65
1.69 71.03 13.2
46.53 5.9 86.2
13.8 81.54 77.87
15.66 9.5 37.02
17.69 78.62 98.89
6.4 55.07 1.39
48.44 40.93 85.28
39.54 9.54 8.53
55.83 14.4 39.67
45.27 79.93 85.89
35.03 53.7 29.45
48.41 92.41 86.06
39.19 19.07 19.89
69.94 47.17 8.39
24.9 6.55 19.85
47.43 16.35 11.57
63.81 70.38 4.51
94.85 23.55 51.37
52.38 31.98 94.85
88.55 49.85 30.28
70.04 76.9 27.65
35.82 59.99 70.86
42.16 41.35 21.67
31.86 25.09 72.07
97.52 95.73 36.93
34.02 38.59 22.99
54.86 68.18 79.06
86.56 1.87 37.85
40.5 23.32 75.48
66.65 33.52 4.07
48.87 92.95 5.42
1.9 9.03 24.13
54.53 9.03 87.8
28.95 23.99 83.86
33.47 2.25 29.49
64.17 40.4 44.63
80.22 85.21 28.89
31.65 5.69 61.85
14.36 96.4 4.69
65.55 13.32 46.37
90.63 24.89 16.16
21.52 81.81 55.53
60.21 2.07 61.61
88.44 96.29 19.2
23.35 53.07 9.91
58.48 69.38 10.43
27.05 0.38 57.63
60.43 86.04 41.12
91.32 18.43 57.43
50.76 18.92 6.95
50.47 5.61 61.64
80.52 0.45 7.11
46.18 23.47 95.35
36.76 72.51 27.88
3.88 12.97 20.47
46.92 97.06 11.73
20.15 96.82 74.91
38.48 79.54 76.7
79.36 8.66 15.53
88.67 15.79 28.68
9.51 50.47 15.31
34.87 40.05 10.73
19.72 77.65 24.37
93.14 89.42 68.29
38.21 73.35 71.44
37.22 39.58 91.58
70.67 16.62 55.18
12.86 14.27 5.23
5.87 80.84 50.36
85.38 0.65 87.56
15.77 50.08 26.29
0.85 86.35 25.26
51.39 37.83 61.27
97.84 38.05 98.41
39.77 48.08 24.69
36.46 73.77 49.47
11.5 87.28 39.63
83.8 7.49 13.69
44.75 39.12 47.73
93.73 90.64 40.02
56.36 67.96 8.32
99.36 98 26.14
75.16 96.22 36.22
66.71 81.66 7.61
87.8 19.5 59.92
72.86 85.33 11.37
54.95 88.68 35.17
52.99 18.24 69.2
25.18 9.29 79.86
98.48 95.14 82.65
24.92 52.65 79.69
20.67 13.68 25.4
4.54 23.88 71.12
78.55 77.81 95.53
6.72 83.69 97.68
66.1 68.84 23.04
88.51 30.15 83.71
41.34 16.12 9.43
26.28 40.08 71.35
47.58 30.08 6.09
61.6 16.62 66.41
3.99 10.42 63.7
93.69 96.93 49.36
10.31 79.74 48.33
63.78 49.64 59.25
39.58 70.66 38.92
35.56 7.32 62.32
7.45 42.68 30.71
11.07 51.39 71.99
64.38 41.12 42.09
30.54 21.56 84.16
55.75 23.02 30.76
20.29 8.33 51.8
19.45 87.09 58.79
56.63 65.32 52.11
92.33 3.65 91.7
33.22 85.09 45.28
90.44 77.55 68.14
39.14 27.6 72.57
92.39 13.67 93.68
0.03 33.53 2.59
79.7 6.42 89.54
74.2 98 96.11
48.39 71.44 73.69
23.59 50.66 18.18
17.6 60.49 24.79
73.61 10.19 63.04
53.48 60.97 10.07
37.02 47.35 21.98
84.25 59.76 20.05
98.14 24.88 0.95
0.55 64.55 52.1
12.45 98.55 94.09
71.4 39.72 32.61
94.61 49.5 15.88
52.11 58.55 93.89
49.32 3.11 27.43
68.11 16.67 67.06
51.02 15.24 41.59
18.12 9.35 55.79
99.9 68.34 94.6
93.89 1.07 4.35
87.07 74.83 75.95
92.8 73.04 0.3
40.32 30.66 15.64
1.18 44.54 20.32
5.02 38.92 38.68
21.28 9.7 19.92
18.85 39.82 16.95
55.65 96.47 8.36
88.7 6.44 54.52
73.05 88.39 81.91
83.36 27.08 71.66
3.83 11.06 73.3
23.74 34.71 2.15
11.75 42.76 58.27
68.98 86.58 73.36
81.07 36 11.23
17.27 67.64 0.84
15.21 48.77 53.93
21.9 83.91 44.41
20.3 8.66 88.64
70.33 26.13 62.78
95.07 27.52 87.17
10.83 70.56 2.77
80.64 89.12 82.99
81.17 31.71 99.87
56.24 29.4 21.71
63.78 87.44 88.64
5.42 45.13 83.07
31.19 99.44 8.52
76.23 2.5 18.23
15.52 43.67 8.97
47.45 41.65 55.59
50.09 9.73 19.5
6.07 89.08 72.39
80.2 17.11 5.36
7.68 43.68 81.06
44.42 90.53 59.52
19.26 3.88 36.54
57.72 24.27 92.77
71.46 23.61 16.25
85.92 68.65 90.21
13.11 33.68 39.7
37.32 38.49 31.78
48.55 32.51 3.14
22.43 72.62 69.39
69.39 14.44 81.44
13.44 86.9 5.87
0.87 20.43 24.7
40.04 11.8 23.48
49.13 84.47 88.31
4.84 28.24 86.92
76.75 43.7 46
6.92 80.4 82.21
83.85 34.26 28.19
68.81 59.11 75.71
72.27 38.05 22.3
38.41 95.81 18.04
45.98 23.58 39.07
58.75 65.91 71.11
1.84 23.15 42.07
45.74 68.95 4.94
18.97 39.33 67.57
10.48 65.45 41.28
47.71 68.38 14.3
16.18 82.33 98.58
62.38 27.23 18.32
27.22 6.96 42.64
30.38 45.25 76.94
68.19 2.79 74.07
26.02 12.69 58.74
88.63 78.5 49.13
60.66 8.63 77.83
73.95 2.94 76.2
13.3 65.45 48.12
2.96 18.08 77.77
64.49 98.52 30.8
60.75 86.03 20.65
54.02 78.72 84.59
61.68 0.19 71.15
62.69 81.04 70.7
77.34 9.78 86.09
63.33 17.29 66.72
43.35 59.76 18.55
64.56 33.13 5.49
85.93 71.77 8.1
38.32 60.87 20.35
85.84 0.93 93.15
79.02 89.47 59.72
67.53 22.36 74.48
27.16 13.97 17.72
9.35 48.2 91.55
91.36 94.49 92.46
33.64 63.38 51.58
2.28 14.79 26.26
69.34 59.67 86.95
81.79 65.66 83.74
87.32 87.75 11.98
11.08 2.12 1.52
64.48 2.86 99.23
72.09 52.67 26.43
66.65 78.2 92.98
72.36 34.11 87.41
54.71 63.57 14.76
38.22 7.79 25.49
29.02 98.68 24.1
84.59 41.23 24.99
72.5 90.25 9.85
13.66 51.89 18.3
43.1 41.45 46.88
0.14 88.63 82.02
61.15 2.21 49.27
27.41 91.69 84.21
70.07 46.31 3.46
20.75 10.33 79.49
29.2 87.36 69.13
67.67 87.9 90.71
54.62 21.11 12.88
59.38 88.85 20.22
4.07 26.02 4.63
42.73 97.55 50.87
92.12 92.55 88.3
43.56 70.4 49.27
69.58 18.07 16.77
8.63 28.67 9.84
47.77 3.76 48.03
56.15 12.34 0.49
2.42 34.91 55.35
1.28 13.74 2.89
43.28 66.4 45.86
11.77 80.73 94.56
9.36 36.87 80.03
80.88 29.09 2.88
44.03 39.06 5.76
90.83 33.19 51.74
41.79 40.03 87.66
55.89 0.85 10.34
32.8 84.27 32.86
48.16 15.5 24.95
34.05 70.44 16.75
3.33 78.15 82.51
26.19 97.5 0.97
33.27 2.67 44.06
46.63 62.01 89.61
92.7 94.38 74.25
19.89 0.5 60.79
77.65 51.36 64.46
49.97 10.97 73.95
53.65 23.3 7.82
57.24 69.15 75.48
11.26 77.49 1.95
53.02 8.55 1.25
52.75 67.64 70.06
24.28 71.27 38.3
21.49 32.01 6.75
44.65 33.36 2.05
16.61 71.86 7.73
65.65 30.98 62.05
56.99 93.16 24.72
69.01 37.64 8.16
5.31 99.41 23.17
24.62 70.04 73.74
61.97 71.6 17.51
75.06 59.8 23.02
88.52 97.28 28.31
56.91 16.81 97.77
88.09 18.81 81.58
95.39 61.72 7.43
12.96 46.43 85.28
0.1 61.06 88.8
35.47 84.34 50.17
82.22 75.86 92.63
79.83 22.49 61.26
36.03 49.62 48.58
8.35 84.74 69.34
67.99 3.49 55.43
48.4 37.65 68.6
6.24 41.4 47.61
72.81 25.1 23.94
44.48 32.25 18.37
18.44 25 0.9
79.63 48.76 15.36
87.64 46.87 78.76
21.89 98.98 98.79
90.61 56.3 21.04
53.83 24.03 46
97.52 51.82 93.77
63.27 70.64 25.07
34.25 68.29 65.25
6.4 50.39 95.64
82.94 23.9 61.75
26.46 96.9 20.98
2.12 77.63 76.36
32.7 23.38 11.87
14.08 24.9 54.94
98.28 96.54 99.33
55.09 50.46 68.87
75.75 90.42 33.25
17.17 22.25 90.44
3.75 65.04 10.63
17.83 71.35 49.58
23.48 58.74 65.61
43.54 40.79 67.29
7.51 25.45 9.41
34.75 89.79 19.61
84.86 40.79 17.34
43.71 31.89 57.14
7.04 88.5 90.02
31.88 21.28 69.08
69.38 77.09 96.15
99.93 74.82 97.06
2.73 26.98 31.59
58.6 38.36 24.27
32.26 1.95 13.87
0.92 77.86 36.78
70.29 47.32 54.59
46.94 43.62 26.31
86.77 44.68 64.93
18.43 62.88 67.68
60.72 52.85 79.67
8.84 94.21 61.05
13.78 14.88 46.65
30.89 4.32 30.39
19.5 7.33 66.36
19.78 37.61 6.68
18.96 7.15 80.8
58.42 43.11 55.89
22.32 18.35 85.52
41.3 41.5 39.36
95.68 75.65 27.65
49.83 63.26 64.81
14.8 96.63 3.09
26.41 8.96 48.92
83.98 62.98 7.36
68.95 47.16 62.78
6.95 1.54 72.12
43.38 83.01 5.15
64.92 50.74 30.66
14.79 74.27 18.12
43.72 61.45 95.22
61.94 13.19 51.63
27.3 88.6 53.69
18.28 23.81 70.45
93.58 17.3 92.89
54.37 51.46 70.18
39.55 73.59 48.22
37.58 1.44 18.19
34.45 69.18 95.3
15.27 16.22 54.74
23.84 10.74 91.32
41.27 56.79 33.37
12.77 60.08 37.44
15.97 13.2 94.71
17.78 58.76 36.43
44.12 67.3 77.76
52.52 63.09 86.15
6.21 36.7 21.75
67.95 30.38 99.18
23.24 87.27 16.91
86.3 98.29 35.9
19.24 38.33 54.09
98.06 8.09 19.92
87.27 94.74 2.52
63.81 85.69 4.59
86.79 43.83 30.74
40.39 87.79 62.45
1.53 35.06 32.24
1.1 43.58 46.61
9.32 9.44 14.12
54.69 51.42 63.2
88.07 47.5 63.54
34.57 76.97 25.19
4.9 87.84 10.88
31.11 12.98 54.88
25.05 64.64 22.92
26.41 16.43 86.99
14.3 56.71 58.05
22.84 17.69 19.12
58.18 37.03 65.79
4.05 62.71 16.83
42.87 28.93 76.97
54.23 0.36 8.78
33.32 49.78 15.55
57.09 8.1 30.79
87.25 59.28 20.72
28.41 19.25 92.91
40 78.83 23.93
17.28 6.98 63.8
90.78 66.5 3.24
52.72 85.8 17.63
63.96 98.42 43.68
35.88 0.43 48.65
6.26 40.86 20.68
16.56 15.5 27.91
49.41 19.63 46.7
28.79 99.34 14.87
28.48 84.03 61.2
84.65 75.48 22.01
13.68 5.38 46.49
78.69 54.35 4.17
36.8 19.07 59.24
84.97 62.24 40.79
31.8 20.28 77.64
