16.78 0.02 54.74
29.25 52.87 19.31
63.45 36.77 71.93
32.77 15.6 86.58
70.93 33.51 97.28
79.92 3.74 89.35
42.16 70.05 73.35
7.16 69.11 17.91
63.25 1.1 82.43
77.21 14.95 51.96
0.17 67.2 9.71
7.26 84.78 98.65
6.26 11.01 37.02
17.73 35.35 25.19
25.64 83.99 93.88
79.44 43.21 96.29
5.74 23.17 92.79
49.02 0.89 78.5
68.08 27.96 0.39
0.23 78.11 89.69
55.25 19.74 31.12
15.26 18.07 79.28
15.07 49.7 22.85
82.41 27.98 30.72
43.97 68.89 87.3
82.52 41 48.84
3.02 28.79 47.67
44.52 97.16 17.85
44.15 36.14 64.95
31.03 21.48 2.99
17.78 5.57 17.69
41.11 79.65 19.97
4.96 53.27 60.57
19.45 1.11 70.86
29.35 78.53 99
42.17 19.87 16.97
45.17 80.37 87.35
10.45 67.71 10.13
77.73 91.01 96.96
1.92 69.88 44.64
38.94 71.05 81.36
56.28 72.9 20.01
26.67 9.88 22.01
22.43 23.6 99.81
64.17 44.3 30.02
82.69 51.71 79.37
2.32 32.36 53.2
4.81 30.35 65.36
20.18 21.98 16.67
93.24 11.72 34.47
61.19 77.36 25.96
11.39 46.84 72.79
99.2 41.79 59.61
4.6 15.51 80.6
49.2 20.63 4.42
7.44 80.78 94.15
24.9 43.11 0.95
56.32 36.52 0.5
17.4 19.35 9.46
93.45 38.86 4.11
93.15 29.25 23.76
11.83 16.55 14.64
96.56 7.01 61.15
39.32 89.42 8.53
75.64 5.3 42.08
49.66 11.22 74.12
72.93 54.92 8.42
24.37 69.44 54.35
8.17 27.19 57.36
72.35 0.77 38.52
84.22 51.88 87.58
29.21 10.62 32.44
94.78 99.77 83.22
10.39 20.28 65.34
50.59 17.1 70.31
74.69 94.33 81.87
15.53 88.74 4.29
8.76 8.26 97.77
4.21 74.54 78.15
19.84 65.68 15.31
37.07 27.21 52.35
8.95 10.6 41.8
64.43 42.32 5.53
14.04 91.55 55.32
79.71 54 56.48
72.16 45.21 22.93
13.07 5.5 17.6
21.78 96.23 45.82
8.18 10.93 89
2.88 70.39 22.52
53.64 40.96 49.78
30.15 2.52 96.36
74.78 38.92 12.93
90.98 99.12 60.74
76.67 13.73 39.5
86.98 71.65 17.3
6.8 84.82 48.14
63.66 86.94 74.29
21.31 30.34 80.43
39.76 39.59 7.94
61.12 54.53 11.4
43.78 48.12 73.97
19.78 34.66 34.27
40.02 18.12 29.71
14.36 43.79 53.37
78.5 24.39 65.8
84.17 14.85 22.38
78.85 26.02 65.08
90.04 28.73 3.29
45.3 19.64 71.54
69.8 96.19 12.83
16.58 24.95 9.28
46.72 41.33 10.45
10.01 12.51 73.66
20.9 28.51 84.76
23.12 96.15 14.34
17.65 73.42 33.34
28.88 36.99 24.12
26.62 73.35 34.96
15.11 44.81 75.39
8.93 38.82 97.8
29 67.99 84.59
86.86 97.07 48.71
87.82 34.29 46.5
57.58 88.25 2.62
59.13 15.36 86.95
22.19 62.3 82.57
95.68 9.62 42.2
73.41 68.08 51.15
62.32 54.44 72.55
16.66 51.76 64.55
57.86 12.14 33.32
27.64 71.29 13.21
68.5 79.6 52.72
55.38 23.09 3.81
24.33 6.55 12.05
78.25 51.85 63.74
7.57 68.65 99.86
82.38 39.37 70.62
14.18 81.93 71.42
67.44 15.38 68.53
79.59 52.8 0.89
33.4 46.36 45.14
53.86 71.28 75.98
8.75 31.31 80.51
28.97 65.51 59.27
16.46 79.53 17.02
18.07 12.72 84
50.07 0.76 89.14
23.66 45.34 94.17
22.56 67.3 72.91
94.7 56.66 55.12
28.51 85.43 24.84
60.2 87.78 29.35
24.19 1.34 0.24
64.15 3.85 18.95
15.56 17.96 50.35
44.82 69.99 3.44
48.41 24.94 42.59
5.35 1.65 72.43
92.03 68.12 30.08
9.87 28.36 26.13
33.13 31.72 79.57
68.05 64.79 32.51
47.47 86.96 96.98
72.83 34.32 30.84
51.56 75.02 51.49
17.43 22.06 20.67
91.65 92.51 65.12
29.36 86.6 29.69
59.85 9.46 21.35
52.13 38.16 41.63
43.66 17.42 73.54
53.79 16.32 50.57
35.89 3.54 30.05
80.38 27.48 9.72
96.66 83.95 75.56
44.79 67.77 56.15
24.3 66.17 14.23
42.82 72.23 34.14
36.42 65.07 37.88
60.24 66.34 35.23
50.9 59.91 70.22
51.52 32.36 39.8
92.91 73.88 18.86
23.76 93.69 55.43
15.46 33.06 23.03
4.34 4.41 13.77
0.48 7.82 45.65
86.87 75.41 12.52
38.76 3.35 43.33
11.9 50.39 96.72
76.18 17.81 32.04
27.69 28.78 37.49
15.28 10 13.58
96.46 54.09 81.58
10.46 22.45 28.84
93.33 93.01 28.9
37.06 67.01 82.67
38.27 8.89 6.99
73.68 71.13 76.48
94.35 0.22 18.08
73.94 81.84 50.17
0.93 60.39 18.17
9.34 14.92 51.51
47.98 88.02 60.48
41.68 20.27 94.04
11.58 14.42 76.68
8.62 22.84 32.17
10.51 61.28 22.45
77.31 80.21 12.94
61.12 56.83 19.39
24.6 40.67 25.57
35.68 20.7 13.94
2.1 59.42 26.52
4.85 76.78 22.15
42.06 91.76 52.09
21.04 10.44 89.8
70.19 26.4 32.66
35.02 63.4 5.14
7.94 10.54 48.43
78.94 2.58 80.99
38.6 0.95 3.27
39.58 56.55 69.37
80.98 14.52 10.71
0.49 81.22 3.52
67.36 64.26 23.94
89.12 87.81 3.01
39.57 71.58 17.69
4.48 33.35 31.94
91.8 49.7 63.5
34.13 15.6 77.34
12.73 85.21 23.33
99.42 9.27 28.48
14.01 95.79 29.64
16.35 82.44 62.26
26.63 60.93 33.72
7.84 15.03 79.66
66.36 40.17 58.31
8.19 57.3 91.65
39.75 46.78 65.77
25.57 10.46 0.02
78.76 12.92 19.01
1.23 99.88 57.77
95.65 68.59 96.28
46.53 43.08 33.75
45.54 58.88 2.2
57.64 37.53 5.12
12.84 74.2 20.29
72.13 12.83 15.41
12.95 25.74 58.66
58.04 76.42 24.32
28.25 79.49 78.29
8.01 74.77 95.51
89.14 84.56 1.69
40.94 80.53 82.63
86.18 92.4 43.29
14.75 71.99 83.33
8.64 10.12 37.29
84.16 97.22 93.36
18.56 84.19 59.76
35.64 2.3 0.18
46.89 75.5 93.28
8.31 16.52 75.97
21.85 24.46 82.39
87.86 18.97 8.01
12.15 0.83 1.59
63.27 89.37 9.16
24.74 92.16 83.45
50.89 41.43 77
76.73 36.27 60.22
86.93 24.05 96.63
99.09 36.02 43
63.49 68.17 59.02
36.25 76.54 79.86
11.2 30.58 24.39
53.03 35.16 26.09
10.3 65.06 0.98
74.1 14.67 80.05
85.81 49.56 74.25
39.09 93.11 53.47
43.49 91.81 15.87
55.65 13.42 99.82
12.03 17.96 38.29
67.9 7.07 42.19
43.59 1.51 51.82
27.41 22.72 6.34
96.87 14.74 55.95
85.47 88.5 58.19
31.03 92.87 2.77
18.08 73.4 77.23
11.93 92.48 67.91
36.62 10.77 10.97
81.78 16.1 47.65
12.33 60.15 49.03
9.34 7.24 85.02
0.33 70.7 98.54
4.69 22.99 59.78
15.47 12.08 77.15
9.44 17.41 23.61
49.04 45.98 79.03
70.97 25.21 58.18
63.12 72.64 14.88
20.51 14.57 71.54
20.32 18.32 54.02
44.19 37.38 70.24
55.46 55.16 39.9
75.93 12.38 30.05
44 10.37 50.76
71.73 87.53 3.38
31.84 12.65 86.72
93.61 90.55 52.97
23.92 12.58 49.78
31.05 88.44 58.45
25.25 54.31 7.28
27.8 86.01 71.12
55.77 30.95 89.82
10.08 72.32 20.88
24.69 58.09 79.71
71.93 77.33 29.71
69.49 93.62 7.32
56.3 13.36 32.95
45.05 62.52 8.95
39.53 7.28 99.06
88.4 13.16 69.97
92.72 60.26 63.53
66.28 76.55 68.6
52.53 36.8 69.22
99.75 97.94 50.91
41.37 37.4 59.88
3.1 71.86 36.72
48.7 54.01 78.32
50.31 15.74 58.45
6.09 76.71 48.71
94.72 42.82 70.55
82.3 54.57 78.86
23.35 58.23 12.52
61.67 9.53 60.48
74.08 81.48 40.49
44.78 76.87 42.67
38.26 37.19 4.14
41.13 80.65 48.56
69.42 2 71.25
68.96 42.5 74.96
84.39 88.84 86.27
21.78 76.86 83.4
36.08 23.52 90.7
55.98 85.13 10.25
36.9 72.5 30.53
69.8 35.28 10.46
20.43 79.7 28.13
75.95 90.78 43.85
25.84 73.75 21.49
71.58 63.79 28.68
43.22 68.43 66.95
53.92 26.48 94.89
1.67 98.47 22.75
11.59 89.6 1.51
48.83 16.28 22.95
98.42 58.57 75.86
13.31 16.97 42.13
35.72 22.13 68.06
69.19 88.09 29.98
5.47 37.8 30.81
12.48 23.13 2.43
70.55 92.47 93.96
64.25 59.04 53.21
29.33 46.34 46.67
8.11 67.84 66.41
56.33 9.18 12.56
17.14 15.43 36.91
42.31 34.54 76.58
21.63 69.94 24.38
83.7 83.86 36.27
5.64 44.42 43.48
0.41 85.5 28.78
62.16 42.62 91.16
4.38 64.36 14.64
89.81 34.11 12.09
84.02 60.36 72.56
34.09 53.71 61.05
50.67 18.47 20.48
88.29 50.67 35.66
30.13 92.62 3.87
83.72 31.69 82.68
76.64 7.59 73.07
36.67 47.68 10.33
6.56 86.18 92.92
9.6 85.19 14.99
81.04 28.18 7.42
40.53 89.68 33.11
35.89 68.62 45.49
31.19 86.11 98.36
72 31.82 17.05
78.3 51.25 3.56
13.24 58.62 85
97.22 18.15 79.06
22.85 21.38 76.08
15.63 7.62 5.02
91.61 7.26 30.25
88.44 96.02 31.78
42.65 83.29 54.53
52.4 54.85 81.39
2.19 74.73 37.12
30.03 8.21 20.05
2.56 33.55 58.44
65.84 9.57 74.04
32.53 3.94 23.96
95.88 14.48 88.55
86.31 19.02 49.04
3.16 9.35 2.73
19.2 18.67 49.01
3.26 52.59 93.13
35.49 8.52 43.01
70.14 52.84 64.14
56.32 7.72 25.55
13.92 17.78 96.43
73 41.34 77.57
9.17 67.09 84.46
68.7 45.98 4.75
78.54 64.75 62.78
9.29 97.05 63.91
56.18 64.17 36.3
37.51 50.39 18.18
29.77 0.5 96.97
36.19 64.95 23.24
99.31 89.75 45.72
25.4 57.51 35.85
54.71 6.79 43.77
70.09 26.24 41.72
71.67 93.6 18.24
10.5 25.08 78.16
47.46 83.82 3.57
53.84 94.97 81.22
7.31 80.15 23.15
77.94 54.99 14.46
32.52 18.32 59.38
11.07 7.73 16.11
71.24 96.59 55.99
38.19 52.63 41.84
10.43 81.77 9.07
76.75 31.31 22.53
80.22 27.4 35.5
77.91 62.85 21.6
5.76 75.46 53.57
17.3 72.08 6.93
86.67 97.49 36.23
32.36 3.68 7.2
39.58 36.07 19.46
80.91 11.66 81.94
59.51 48.33 87.01
76.13 72.03 33.03
35.6 12.28 14.19
70.2 58.84 1.13
51.06 70.57 19.78
76.48 47.01 27.31
93.15 47.4 94.19
33.03 42.39 59.04
43.83 86.85 13.96
4.41 99.04 7.76
85.17 68.02 67.04
18.93 39.13 57.35
51 51.46 18.22
44.95 19.56 93.85
37.57 64.44 72.6
52.52 85.11 32.68
24.34 9.63 80.65
87.57 67.05 6.76
31.24 28.84 97.97
60.51 53.69 13.19
94.23 50.99 98.51
90.92 46.04 12.43
55.32 69.37 34.57
31.32 7.89 16.3
12.41 4.34 80.24
79.44 19.23 46.41
36.08 56.95 28.85
99.38 89.72 16.34
9.82 59.26 7.67
36.73 80.11 12.74
97.72 48.91 32
22.35 81.36 81.93
73.85 78.68 29.6
29.06 98.65 9.82
57.97 75.85 32.34
37.12 45.49 13.73
42.38 69.11 59.32
81.99 44.31 16.47
36.27 33.93 69.78
41.3 45.83 97.49
10.81 19.13 35.09
60.27 71.28 43.85
49.65 19.83 79.04
69.28 16.76 9.3
51.15 6.72 35.75
20.64 25.51 18.66
8.12 63.23 91.59
20.07 55.39 5.02
61.01 44.19 58.62
13.56 70.85 96.99
61.49 62.73 78.78
57.04 15.65 62.73
13.78 20.05 16.25
20.24 86.01 37.58
77.05 11.3 70.4
79.69 33.14 67.56
6.24 21.85 20.7
52.18 93 8.96
21.82 87.7 20.5
22.93 11.25 12.09
62.7 42.23 67.35
3.89 7 5.61
94.66 44.67 20.85
65.74 35.64 46.26
25.71 0.3 48.45
19.92 66.72 13.62
83.66 14.91 95.4
76.68 13.54 60.82
43.18 11.07 53.08
11.57 15.49 28.78
26.41 31.7 27.02
13.9 17.76 12.26
86.57 62.65 60.55
22.83 96.56 61.32
14.63 97.83 24.96
3.61 85.14 93.01
20.83 14.34 90.12
36.23 37.4 48.84
5.45 70.03 26.04
56.55 85.25 22.62
6.85 50.29 69.46
13.58 32.86 31.45
91.65 60.54 87.5
44.75 7.13 69.92
4.68 14.41 73.93
39.34 17.1 12.39
36 16.73 17.76
42.58 24.59 41.82
27.84 88.81 92.97
16.7 12.88 13.49
96.02 59 45.07
84.03 11.18 44.21
91.96 24.56 54.23
24.35 58.67 25.56
61.38 14.66 96.33
25.86 75.86 55.03
3.66 20.95 21.42
60.93 40.65 41.61
83.79 61.86 13.52
10.42 5.81 66.01
62.32 4.85 15.38
23.37 93.43 83.68
27.83 49.11 75.76
50.1 50.71 60.71
72.48 14.47 55.69
31.05 65.35 23.78
35.06 48.98 92.72
86.98 56.52 23.75
4.6 20.32 50.69
90.97 20.11 1.6
34.42 39.18 75.73
19.18 87.25 38.2
49.45 21.63 84.12
99.08 43.08 13.6
40.21 74.2 97.16
77.94 83.27 32.13
92.93 1.83 52.42
6.7 15.88 69.91
17.22 76.33 12.1
70.15 32.88 88.29
13.79 52.02 47.06
85.71 86.47 55.29
24.83 18.13 78.81
44.37 22.54 93.24
23.1 47.77 23.43
33.85 7.52 28.85
15.07 31.58 92.28
63.93 81.13 16.61
55.93 3.27 67.93
1.13 36.03 92.77
34.92 5.09 22.62
97.77 17.39 28.1
70.62 94.53 38.29
59.24 81.42 72.45
18.68 42.07 21.68
23.26 25.75 28.54
57.25 98.82 82.85
43.72 47.01 96.57
60.64 20.87 74.56
94.66 95.44 81.29
53.58 72.42 47.62
40.17 70.53 93.64
7.6 0.17 63.93
28.51 7.06 88.17
53.05 45.16 25.9
56.69 42.72 37.9
14.12 56.26 40.48
21.18 96.13 38.87
28.06 96.47 10.38
92.18 1.62 70.39
47.35 28.24 12.37
58.96 14.09 1.44
4.96 96.2 29.9
36.42 44.9 86.74
79.87 13 40.66
75.85 86.04 21.18
49.82 38.18 52.47
34.87 85.64 48.04
25.24 43.35 93.75
70.58 8.35 84.71
1.17 3.19 32.06
9.41 19.66 84.76
19.05 16.68 7.59
8.41 85.03 27.32
51.67 53.63 74.71
89.34 14.73 51.97
18.71 58.66 21.64
97.78 73.99 29.72
16.96 5.53 73.61
11.81 62.1 36.1
84.87 44.78 33.13
67.53 8.06 92.9
70.1 64.81 16.5
50.44 0.57 79.62
23.79 63.99 65.13
6.85 51.18 81.89
79.98 35.03 4.3
37.54 96.49 72.93
53.48 87.61 65.23
21.6 94.76 71.83
93.81 75.85 11.87
66.23 8.64 11.98
22.3 2.78 1.05
51.97 29.73 14.8
40.31 60.96 85.44
93.55 70.48 51.29
93.52 30.58 81.6
5.28 28.65 9.88
55.4 13.16 35.02
75.19 57.1 15.19
3.02 62.38 36.98
99.8 30.54 52.03
17.68 76.13 27.19
19.13 81.86 9.36
78.97 86.33 51.37
94.58 87.04 91.43
78.68 57.43 27.58
84.46 71.37 17.04
55.37 56.1 11.42
95.18 15.02 6.6
70.41 7.02 1.18
23.07 54.71 28.22
51.36 24.96 18.43
1.35 25.2 22.67
52.31 38.03 26.07
6.05 92.55 52.09
78.74 61.41 77.32
50.62 48.47 12.39
24.55 98.7 8.85
57.22 47.99 61.32
48.43 77.45 34.2
64.22 14.44 21.8
42.12 2.29 81.78
27.68 30.95 30.75
34.97 94.76 84.14
66.22 2.13 7.17
63.13 23.8 43.83
63.25 24.41 21.83
48.27 47.75 22.99
97.39 74.29 5.66
8.22 8.77 42.54
58.54 56.39 27.99
28.81 10.19 37.07
7.37 70.83 11.93
15.8 70.82 80.58
55.8 91.84 87.76
62.93 15.05 24.31
74.12 98.69 85.01
37.63 44.57 60.67
43.72 61.32 89.66
59.3 39.08 50.29
28.02 46.21 29.8
40.73 58.24 91.08
12.79 20.11 77.47
64.51 49.33 67.8
29.8 36.2 71.47
49.57 6.73 50.47
74.9 77.76 13.84
37.5 43.1 49.7
2.61 16.3 18
51.48 70.8 15.31
78.86 92.02 64.43
77.62 18.65 97.55
44.34 70.45 10.15
76.11 1.47 50.43
3.63 49.89 45.36
19.82 63.46 74.21
37.47 59.05 41.02
59.41 27.85 15.22
54.56 8.38 89.94
15.08 80.42 18.17
54.81 16.16 46.99
66.3 18.23 51.89
17.02 5.34 66.68
52.29 11.17 32.68
50.8 13.14 30.74
31.61 90.87 44.17
9.43 42.32 76.84
24.61 87.59 1.02
19.75 19.92 20.12
48.78 10.81 98.54
77.61 65.01 85.11
68.82 76.83 48.73
38.3 25.72 53.64
76.79 7.43 27.39
53.04 4.78 62.51
6.48 78.76 78.3
96.8 38.11 15.39
17.81 59.64 24.67
80.91 13.23 50.25
62.08 96.48 38.04
52.02 5.14 3.75
2.14 51.57 96.39
47.02 19.23 45.37
25.13 4.74 92.81
67.46 64.31 84.32
50.09 28.51 53.58
4.88 61.89 84.68
80.62 87.99 7.33
30.92 33.69 79.48
2.51 15.76 23.7
57.97 41.34 65.96
70.35 17.47 35.56
35.05 16.74 92.2
55.8 25.76 0.76
11.03 13.15 49.42
20.09 43.49 58.28
78.65 46.83 41.5
77.81 5.46 39.14
17.53 4.88 90.59
50.81 6.25 81.92
42.11 9.19 73.32
28.21 87.6 15.82
69.57 22.49 1.24
36.16 30.69 40.75
31.39 89.47 5.41
76.44 2.35 74.18
63.43 61.77 80.69
20.23 57.82 17.36
1.15 86.53 67.31
8.78 31.87 33.71
76.33 88 29.23
56.06 1.15 66.25
62.13 70.93 19.97
71.31 23.81 94.11
53.77 26.81 13.68
80.48 57.55 44.85
21.68 22.17 66.94
24.94 57.26 60.1
15.2 78.36 15.51
45.77 11.95 70.79
2.81 20.05 69.34
80.84 23.43 62.63
11.48 27.37 17.32
95.91 59.15 13.96
61.25 7.78 36.4
26.38 17.38 4.58
84.65 76.38 49.26
65.11 15.86 10.28
41.24 66.69 67.16
9.86 11.01 55.98
99.07 19.3 61.75
33.77 12.39 99.4
62.08 4.98 30.3
26.22 18.84 3.33
3.67 61.22 90.75
55.17 54.18 66.9
42.07 34.18 40.71
63.27 56.36 9.47
45 56.9 58.8
81.83 59.38 84.42
7.25 61.7 32.26
53.12 4.93 51.1
14.04 6.16 11.98
92.32 56.57 37.13
14.94 47.33 72.98
2.77 8.24 19.73
11.03 35.49 25.27
66.31 27.25 93.59
5.31 39.49 72.82
29.7 7.94 99.68
74.34 98.12 59.53
57.59 71.12 75.37
11.14 62.21 58.05
42.47 41.68 94.65
17.56 4.8 47.13
6.73 23.3 68.79
39.08 18.01 66.88
61.98 42.43 11.93
27.23 6.64 32.5
27.89 90.77 97.87
35.29 0.65 69.73
25.92 24.86 54.44
48.21 14.93 69.43
54.2 92.66 73.22
55.43 32.03 79.61
5.96 56.46 46.57
3.04 51.35 99.66
44.34 37.63 35.91
23.87 34.32 26.49
92.88 48.42 52.84
73.98 45.64 14.7
17.45 84.65 93.97
89.75 13.14 7.44
49.64 6.76 55.82
2.91 86.81 14.58
13.04 98.95 4.68
49.57 56.52 97.41
10.68 8.14 9.18
12.18 89.5 37.82
10.69 92.31 94
82.27 25.61 25.87
72.3 30.24 24.41
5.76 51.96 4.02
55.36 65.71 10.77
60.32 20.4 21.36
78.2 26.9 51.67
70.86 35.46 43.33
23.22 66.79 85.91
56.77 17.75 90.75
14.68 62.77 59.83
67.17 2.88 92.68
7.56 78.22 92.17
31.6 37.43 84.16
28.45 91.59 8.22
23.58 6.26 94.51
15.24 17.38 10.51
91.18 67.37 91.26
64.76 37.19 47.23
8.4 95.04 28.83
91.41 18.88 90.72
59.76 52.87 74.99
35.91 57.01 3.9
91.09 23.88 95.66
69.41 63.15 75.52
5.83 59.64 54.55
59.05 94.71 32.25
80.15 8.78 63.35
85 84.39 74.11
68.5 26.08 83.9
24.23 37.03 56.94
53.43 11.96 27.73
2.51 42.58 60.71
71.36 14.54 52.9
11.85 64.89 30.19
50.47 96.45 91.14
47.63 15.83 62.51
1.13 4.95 63.36
10.84 90.36 17.94
2.82 32.39 57.19
26.55 47.15 38.51
40.5 46.6 51.94
15.42 75.91 35.41
78.16 51.42 88.9
55.56 80.36 32.46
19.7 43.51 1.42
18.03 93.67 98.66
20.62 41.99 36.6
36.15 12.86 16.46
93.26 1.95 82.77
51.2 61.09 12.43
71.82 9.5 17.08
25.74 0.24 14.79
96.04 30.53 9.83
22.69 26.22 20.8
73.87 21.8 40
30.11 52.71 73.63
50.62 89.3 27.4
10.23 17.17 25.6
38.95 65.88 67.17
88.94 33.45 74.13
48.29 89.05 96.06
4.62 46.36 65.17
12.49 77.19 17.81
8.41 85.49 23.4
29.29 9.55 34.46
58.67 26.68 35.34
16.25 64.78 56.33
12.25 6.02 50.33
58.47 86.98 71.81
33.58 81.28 8.59
20.07 87.51 69.43
3.39 22.53 14.84
54.34 68.8 86.53
18.7 81.13 31.23
17.56 25.95 35.18
9.57 63.83 36.91
63.17 90.81 68.46
27.21 68.46 10.33
54.62 22.07 97.04
86.3 6.07 17.55
23.52 23.7 63.81
37.34 85.38 54.72
73.7 82.32 13.43
73.67 20.84 81.16
8.49 13.47 27.54
53.93 38.03 86.36
47.33 10.03 87.8
52.75 94.85 37.19
1.81 87.14 72.02
10.95 96.64 3.47
0.84 67.01 28.2
74.84 58.85 12.34
67.27 83.93 36.53
83.45 42.43 94.58
14.54 83.04 60.28
28.15 67.53 26.79
67.68 10.9 26.32
46.61 4.48 46.68
83.82 60.55 34.55
24.02 13 34.49
31.28 15.37 35.1
26.98 59.09 18.72
38.37 33.23 51.81
45.81 62.46 7.45
17.25 34.82 78.11
13.23 51.79 28.33
43.36 70.54 38.79
87.26 59.76 2.55
27.38 39.72 5.21
48.24 74.27 35.47
60.7 97.59 68.24
95.85 52.28 21.39
98.66 62.14 53.19
18.81 2.93 19.8
22.77 5.42 21.82
3.1 67.31 47.97
19.25 80.96 8.39
34.67 1.65 52.64
1.02 21.14 25.54
95.96 4.06 40.83
47.3 24.44 26.55
20.15 1.99 4.97
87.98 80.72 75.8
17.35 65.46 92.19
50.14 9.98 25.54
24.33 24.85 58.23
49.26 50.86 70.75
22.29 8.14 47.61
91.4 77.37 21.04
88.38 61.27 48.75
34.54 19.36 54.04
43.98 77.98 9.47
64.94 27.48 42.28
75.93 21.15 85.05
65.65 91.54 5.53
51.32 54.05 34.66
58.43 47.47 91.72
0.54 7.65 85.51
97.25 33.59 6.52
37.2 46.79 22.26
96.42 0.74 70.63
99.11 68.96 7.92
83.09 15.53 99.72
72.71 35.1 12.21
28.7 43.75 44.9
97.74 91.42 86.45
0.71 13.44 11.76
78.92 90.78 35.32
41.54 73.1 33.24
68.04 47.25 41.02
61.24 83.52 13.78
51.51 50.82 63.51
12.95 80.18 93.63
92.66 31.54 36.28
78.52 90.61 4.94
5.02 22.64 23.67
40.36 44.26 22.38
33.57 92.75 55.38
98.5 36.26 94.26
29.14 55.07 32.97
60.22 3.13 3.33
92.54 51.04 86.92
33.44 74.9 25.6
40.85 34.32 93.25
23.52 38.42 93.74
91.05 64.34 13.6
29.67 24.93 22.83
5.93 51.16 19.11
0.36 51.16 67.62
44.06 14.87 22.36
21.54 6.22 66.15
43.31 12.67 40.13
28.43 72.81 41.27
74.46 3.64 47.75
13.56 74.04 76.69
40.97 49.48 89.29
6.19 19.64 42.07
72.15 91.88 11.24
0.55 0.71 90.69
