16.22 38.87 66.95
70.65 37.79 7.13
62.01 6.73 14.08
94.9 13.06 79.09
39.48 42.08 29.09
81.57 32.2 6.18
58.61 3.01 98.79
96.84 10.35 36.15
74.51 59.51 64.45
25.47 54.54 63.3
45.37 78.43 35.19
22.53 19.79 96.12
12.14 6.64 41.63
21.54 76.34 95.76
26.35 34.1 67.14
64.42 72.87 42.14
95.57 18.42 23.49
20.53 12.53 82.54
24.71 22.25 85.61
91.74 54.31 55.57
82.67 40.87 81.22
17.19 17.78 22.09
94.08 15.94 93.36
15.82 52.44 96.23
4.86 26.12 76.87
55.49 23.03 70.84
8.89 92.54 72.83
72.83 5.86 93.72
73.17 45.61 25.02
91.8 33.26 9.05
72.64 93.85 65.31
83.84 50.96 42.6
92.37 17.3 66.39
43.95 11.12 38.25
65.55 37.76 77.66
6.23 30.46 27.64
18.93 46.38 63.96
23.56 28.86 67.41
15.09 21.06 73.43
34.46 14.07 90.62
23.47 58.38 98.88
17.83 41.12 2.85
87.62 75.88 60.33
13.67 78.88 74
4.22 84.1 15.44
13.9 1.05 43.69
90.9 4.25 3.38
99.59 21.99 3.76
56.86 49.12 70.77
25.67 53.54 93.33
41.07 80.73 18.22
63.34 5.76 29.65
96.24 59.74 87.61
88.31 51.35 38.01
56.26 58.48 31.3
4.01 66.04 97.84
37.35 16.49 16.8
52.91 89.44 90.25
2.59 17.86 50.67
90.68 30.43 27.64
90.56 62.3 1.61
46.53 80.17 17.93
93.19 45.41 25.97
12.18 4.44 11.95
51.09 70.56 5.82
29.8 43.16 38.21
72.31 95.91 77.2
34.65 4.75 21.23
82.3 29.3 82.48
17.63 87.81 96.8
78.79 16.33 53.68
88 93.06 88.56
72.58 3.51 26.71
5.82 45.42 96.74
10.36 12.02 28.93
68.2 72.75 6.59
55.08 12.08 18.64
92.18 84.2 23.19
89.2 87.68 34.67
78.91 84.77 26.34
18.76 31.89 21.52
67.32 31.94 95.97
3.82 57.48 70.11
88.8 82.05 20.89
61.87 1.18 24
59.16 99.5 85.88
12.5 32.13 74.5
40.56 8.16 86.89
60.99 94.52 59.54
38.42 8.41 52.44
51.31 17.36 5.36
58.43 36.14 8.55
78.87 52.19 7.08
92.4 20.35 29.87
17.55 14.53 74.76
36.78 38.09 29.43
33.43 10.58 90.74
63.62 73.34 6.78
90.38 75 83.18
48.4 43.03 73.54
85.19 86.77 98.01
69.47 10.09 43.22
76.5 37.21 12.45
84.59 56.36 82.53
26.89 25.54 1.77
35.3 20.33 21.38
19.43 87.41 12.74
44.28 83.4 10.59
71.04 45.06 16.59
95.32 82.35 27.3
4.87 34.71 38.85
69.98 14.88 49.97
68.39 95.77 40.6
19.78 15.17 61.56
45.36 77.86 21.67
6.59 41.19 1.04
82.34 13.29 81.21
20.05 64.7 76.35
48.95 96.47 96.16
68.59 84.47 36.72
63.07 33.4 37.48
88.25 80.03 69.02
65.99 76.22 82.43
12.98 47.39 36.67
72.39 13.44 75.73
61.51 92.6 46.54
24.83 98.88 53.67
32.77 83.04 2.8
72.59 11.19 83.81
13.99 97.11 14.11
10.41 21.2 68.95
83.88 26.51 42.08
66.89 74.38 6.47
54.05 44.27 6.75
98.4 20.59 95.56
11.01 33.98 22.05
55.92 6.29 79.68
57.53 2.4 68.2
58.59 16.53 3.37
68.23 94.59 80.49
14.43 69.52 40.25
3.89 16.53 55.63
40.22 73.41 94.39
0.06 48.56 39.38
85.05 48.69 77.71
18.18 98.98 31.65
69.93 53.46 0.83
6.39 15.24 2.68
78.05 14.55 87.95
75.24 69.28 71.25
70.51 99.59 25.5
73.95 38.56 73.02
23.03 68.25 57.09
56.39 49.66 38.94
67.85 48.93 36.51
25.44 7.3 73.05
6.11 76.22 35.18
10.57 83.25 10.11
23.59 56.96 33.02
7.25 52.95 98.37
93.92 69.75 66.37
54.89 82.86 90.04
88.62 94.59 44.67
1.02 10.48 6.78
39.64 62.78 69.38
60.23 58.75 11
19.44 98.07 87.89
24.48 27.74 25.91
21.34 95.78 90.11
56.93 1.16 99.04
26.48 38.49 1.53
17.58 64.16 88.53
20.53 59.31 30.83
95.41 55.31 3.61
27.02 64.99 8.1
83.81 76.93 0.86
12.48 22.08 1.23
3.08 24.42 24.37
47.37 20.54 27.66
73.72 27.33 63.79
36.13 0.06 10.85
81.27 44.67 83.62
11.49 22.69 20.01
74.48 68.93 7.71
12.46 2.36 15.91
57.65 46.33 76.2
15.99 59.25 97.45
35.09 33.08 84.17
98.64 13.4 12.54
10.21 60.06 96.97
13.44 80.35 83.78
10.08 27.11 90.16
59.59 79.47 66.2
65.77 55 51.78
36.15 96.85 57.31
93.97 68.92 63.73
27.03 9.95 3.15
29.21 31.04 86.11
50.26 17.41 19.61
14.2 88.13 9.88
32.36 5.92 9.13
6.36 9.8 24.7
15.02 89.38 27.79
48.72 68.68 23.11
8.29 58.66 84.39
61.32 4.04 17.89
15.73 3.77 25.82
78.58 84.38 37.72
14.28 81.62 98.3
20.48 26.92 83.66
13.12 1.56 86.73
0.67 57.71 55.5
61.29 90.72 71.45
8.63 69.84 77.71
69.57 24.73 65.56
86.08 11.97 77.35
95.12 90.19 40.89
39.95 99.72 54.49
24.43 44.85 4.21
60.1 88.31 97.31
41.61 29.86 0.53
55.72 93.66 79.36
68.04 66.1 88.27
78.46 12.01 10.71
79.27 12.42 85.12
59.18 93.93 31.56
74.34 9.66 29.03
25.05 49.93 59.06
53.31 88.95 89.76
16.13 58.51 2.75
30.94 31.81 32.24
84.39 37.48 3.64
7.29 89.12 3.88
73.43 22.17 9.43
43.33 91.52 50.22
69.26 58.77 22.71
52.68 16.13 34.94
45.37 87.93 96.29
47.88 89.51 55.62
73.74 10.21 22.51
90.86 5.8 85.46
49.5 31.85 30.07
2.14 99.01 27.08
2.83 22.28 26.69
69.63 11.72 29.18
24.76 88.23 41.26
99.55 97.79 76.29
56.69 42 15.45
71.58 92.81 5.39
28.97 67.84 90.2
0.44 95.75 43.26
69.82 10.68 17.5
37.96 0.88 2.1
83.98 63.82 53.04
7.48 44.36 46.4
81.57 79.71 72.59
99.44 19.56 99.07
8.5 80.68 76.66
34.81 45.57 18.78
35.47 75.65 72.08
43.35 32.5 38.42
73.05 58.35 93.45
3.32 72.22 40.25
82.03 91.37 33.83
28.94 32.01 53.95
69.57 15.78 21.78
68.45 19.55 18.35
82.62 59.16 86.6
1.61 50.69 54.4
5.26 68.98 43.23
49.79 55.09 99.98
29.04 3.94 97.06
62.45 7.33 70.33
2.37 75.92 82.24
42.67 1.61 17.58
47 21.78 59.35
77.84 3.31 53.72
94.06 7.75 40.94
19.59 67.06 22.36
21.58 88.22 14.1
89.92 39.39 1.49
11.19 20.05 4.05
50.81 43.53 10.21
84.82 84.28 55.23
35.93 89.11 30.47
1.15 42.45 20.34
25.92 23.07 24.82
86.71 84.87 19.23
14.12 75.38 2.68
92.51 79.97 94.05
14.75 24.83 50.01
17.62 14.66 15.18
5.72 16.02 51.62
21.34 56.89 58.95
44.92 58.09 41.81
13.76 75.66 24.05
82.99 89.39 19.26
28.64 68.8 17.68
85.35 89.71 29.22
98.82 68.66 91.83
86.69 40.97 24.94
23.29 56.7 3.59
11.15 66.5 78.99
8.56 80.67 44.82
41.46 77.81 89.94
96.78 96.5 90.82
45.51 22.71 63.92
23.51 92.6 23.98
30.98 76.12 24.99
67.17 56.17 66.88
4.97 90.87 46.9
86.44 90.08 0.74
7.33 93.39 95.35
50.84 43.31 70.21
3.32 89.08 75.85
49.16 94.93 37.15
22.82 89.18 9.07
82.66 21.32 34.77
91.61 70.93 35.45
65.48 47.72 29.45
26.41 50.19 20.02
40.1 29.5 5.72
66.24 81.6 93.68
87.42 81.91 33.87
4.98 46.97 14.38
51.64 27.97 78.84
90.38 58.94 8.03
18.2 98.74 39.49
8.87 22.62 72.21
0.62 60.03 95.75
43.85 59.83 44.34
23.7 77.09 76.24
40.15 80.66 55.9
95.71 69.73 56.48
23.38 67.51 24.09
2.14 55.05 1.55
77.09 21.65 72.37
11.21 86.95 21.48
31.71 44.97 46.97
73.86 55.93 68.8
57.77 17.43 5.47
47.04 25.72 88.14
22.01 32.98 32.07
33.57 52.6 33.69
83.9 58.72 54.89
0.65 63.6 84.11
12.92 74.88 92.43
85.82 19.53 12.28
3.48 38.46 16.22
0.93 1.3 18.01
19.17 17.47 18.52
87.54 15.69 12.91
59.27 20.87 66.23
96.31 50.6 21.03
51.6 63.96 2.18
39.67 94.11 79.12
23.28 30.87 94.32
51.55 9.9 56.25
20.74 5.09 21.4
87.45 79.25 42.33
21.22 16.59 48.56
13.28 79.62 14.33
59.4 12.41 17.39
69.64 76.07 83.11
50.24 23.1 49.94
15.71 1.92 4.54
52.01 90.36 67.35
48.59 62.68 61.57
38.37 60.52 47.45
46.54 96.62 54.95
4.85 64.93 29.06
46.16 96.35 19.82
59.89 84.92 67.88
78.24 73.13 69.59
11.12 90.27 32.98
71.07 35.71 95.91
33.46 1.23 39.07
91.1 79.91 94.63
44.81 68.05 15.06
13.6 36.7 18.14
21.85 17.02 95.84
69.94 86.16 98.31
69.66 14.61 25.63
26.91 74.16 31.63
27.83 15.5 2.82
56.26 65.3 92.06
71.07 99.99 30.79
92.7 86.72 7.33
9.5 77.54 96.94
22.59 5.48 73.16
8.09 87.66 37.35
34.87 73.74 36.31
43.81 79.69 85.84
72.14 63.02 2.14
2.33 43.83 66.54
44.9 58.94 88.84
5.84 19.75 19.93
45.79 28.55 46.25
53.61 17.37 96.86
84.78 94.04 71.51
86.51 1.22 91.44
75.17 20.15 59.29
34.15 31.48 47.7
28.94 0.17 63.84
95 23.64 78.22
2.3 47.27 54.99
59.08 65.05 5.39
11.34 37.25 67.31
45.06 54.9 63.97
30.43 47.18 27.29
57.47 4.98 52.63
57.84 26.86 42.35
67.13 81.58 2.1
0.66 33.41 55.1
78.18 2.75 81.35
0.3 46.4 89.19
11.69 85.69 48.43
31.22 51.58 75.22
7.45 4 43.92
16.03 69.25 63.38
85.5 11.88 38.02
63.23 37.36 35.11
9.29 20.16 39.65
99.56 93.67 49.84
75.6 26.89 67.95
71.2 84.7 92.2
8.54 2.82 29.79
8.92 10.12 2.94
7.18 71 5.94
45.37 0.1 14.34
41.85 19.34 1.34
7.27 49.86 47.31
19.5 12.47 54.65
36.53 91.23 62.28
71.35 35.1 21.86
72.7 27.79 48.46
49.13 65.98 74.33
74.63 44.55 66.99
54.46 92.78 88.76
81.8 37.63 69.43
16.86 4.95 81.36
70.72 48.69 50.34
36.58 36.01 16.9
39.76 6.08 60.97
39.88 14.62 99.38
1.01 3.46 19.02
53.95 55.41 66.24
84.12 65.93 86.15
10.28 6.55 12.74
27.21 43.44 97.3
26.1 87.29 25.81
2.68 25.3 14.54
1.41 1.49 15.87
96.61 64.98 98.82
16.91 32.29 23.42
80.34 88.39 97.56
24.66 68.97 25.22
9.89 64.43 60.29
68.85 52.02 81.94
0 88.08 12.71
72.1 75.34 69.03
87.83 3.83 9.67
21.44 17.15 97.81
55.35 68.76 18.79
10.55 86.52 6.13
13.91 16.5 34.4
23.11 80.19 45.69
96.07 58.33 71.35
91.94 87.07 42.7
3.02 70.48 96.38
32.23 14.32 78.51
80.31 82.83 20.73
22.21 43.14 0.1
58.76 96.06 74.73
5.74 36.08 28.74
87.11 75.23 55.53
41.29 2.95 6.97
65.14 38.15 88.88
24.88 23.86 61.49
25.16 21.15 37.01
59.84 87.45 24.15
94.05 20.17 72.47
13.34 85.76 97.49
79.95 57.19 44.27
63.42 73.63 39.05
32.07 95.29 99.87
80.64 59.15 29.05
8 72.86 46.42
91.24 67.95 89.74
65.43 77.96 97.21
11.97 23.34 45.29
52.32 53.05 66.21
85.17 18.6 97.43
98.83 19.21 39.71
43.52 47.83 14.7
0.29 44.28 95.8
14.3 11.44 44.34
40.67 86.27 33.47
17.01 51.14 77.84
96.58 17.31 18.68
38.4 66.33 69.31
81.46 22.75 12.84
46.05 3.68 15.36
81.35 73.75 25.94
71.27 29.37 47.8
57.52 29.18 15.75
26.47 49.44 1.19
95.82 26.25 12.99
0.88 76.08 37.44
39.55 26.83 25.39
20.64 20.2 4.31
2.22 66.06 36.23
16.47 50.54 40.5
31.67 27.77 2.24
27.33 21.58 99.85
15.59 41.32 13.75
78.31 42.96 81.72
3.62 44.38 69.72
13.5 85.95 8.31
39.11 61.56 77.31
95.42 64.71 84.61
3.48 57.06 25.74
4.53 45.67 78.99
6.59 84.01 16.97
48.55 46.3 17.3
90.29 17.82 35.39
60.96 70.83 25.67
0.73 35.52 19.06
60.58 54.2 58.81
83.29 36.15 4.71
80.19 90.93 13.75
95.26 87.37 26.7
14.82 53.62 5.77
56.26 18.88 20.3
79.06 67.98 79.08
57.46 21.49 25.14
11.02 30.14 98.47
80.04 71.67 86.74
59.82 89.6 94.83
96.04 25.13 53.43
48.82 50.89 58.21
84.62 51.03 29.75
89.65 34.25 15.57
9.14 37.22 9.19
73.02 79.9 93.72
45.42 2.15 75.49
19.51 41.54 93.6
11.6 83.53 89.63
64.24 66.83 72.91
14.53 3.53 91.01
30.31 14.05 58.23
6.85 62.25 23.44
21.74 23.63 62.41
95.17 89.49 11.42
68.07 17.18 6.62
27.06 6.31 23.94
3.44 46.69 65.04
26.47 35.74 23.53
0.72 34.07 88.09
13.4 11.86 9.28
60.67 60.62 13.14
69.05 13.1 8.35
5.36 22.5 96.37
92.03 86.84 20.11
75.84 58.46 86.25
87.67 40.86 7.79
77.72 47.46 22.38
13.22 75.11 33.92
35.91 7.77 27.85
27.84 20.09 5.4
43.13 84.02 79.31
58.41 84.27 30.05
54.31 31.63 46.97
13.08 1.38 37.41
82.06 16.65 89.12
27.13 81.43 88.91
69.92 83.13 6.75
56.84 45.95 96.14
51.57 61.74 48.59
10.47 25.35 71.67
56.98 6.93 51.92
37.38 45.44 52.92
75.29 94.88 14.9
14.84 92.93 76.55
19.27 32.65 94.4
61.7 8.28 34.8
34.34 77.61 26.98
1.48 47.07 34.58
8.62 39.99 59.61
57.84 1.22 92.84
8.47 90.91 59.95
27.01 97.53 1.12
1.07 0.08 45.01
2.99 92.39 64.32
23.16 55.06 5.47
82.65 91.14 1.39
49.08 33.07 82.81
5.21 35.18 26.27
45.65 60.11 26.32
95.91 93.88 30.94
32.61 31.12 58.12
52.52 54.68 32.13
85.61 12.44 16.5
15.49 45.51 1.48
4.14 37.57 91.65
96.21 71.41 7.31
66.75 51.18 74.8
24.74 55.73 94.67
12.03 36 76.64
82.16 7.11 55.48
40.05 67.52 82.18
16.59 65.4 20.43
59.01 50.69 95.95
13.99 18.06 12.83
28.38 40.69 59.67
26.36 98.81 80.72
84.55 13.93 25.96
68.1 57.84 36.13
28.38 63.68 92.65
68.81 79.81 18.71
61.96 44.55 13.25
14.87 62.34 72.53
76.31 0.14 82.94
62.28 54.68 81.52
32.71 37.78 93.87
50.94 77.62 7.57
91.43 94.76 12.96
97.13 66.76 33.84
45.8 89.39 77.79
90.72 95.83 77.91
77.48 84.74 27.91
12.47 19.63 25.7
52.21 64.93 30.15
94.16 28.63 14.68
62.07 96.24 15.74
95.69 14.05 4.14
24.16 3.03 18.08
85.29 8.4 94.28
86.68 71.67 23.08
40.94 27.41 15.05
68.71 3.86 2.2
81.45 17.2 32.14
67.12 58.17 20.84
2.53 21.05 74.22
90.4 89.87 64.74
27.81 6.09 62.33
26.61 69.17 29.91
92.04 18.35 49.33
23.27 2.41 76.51
1.83 10.88 70.68
74.75 81.41 86.72
74.57 24.45 90.02
34.24 55.3 10.04
58.93 3.97 70.67
25.76 53.7 99.37
65.7 55.73 68.33
43.38 45.46 34.82
56.51 45.36 15.78
61.29 72.42 38.29
5.94 81.94 58.48
33.28 26.7 8.38
12.27 25.94 33.02
69.61 77.91 20.21
84.92 4.46 24.69
82.66 52.8 86.57
70.59 6.5 43.53
57.53 26.04 95.51
23.24 96.85 18.25
57.8 66.66 34.65
17.83 62.5 59.65
86.57 28.11 68.12
46.67 1.65 90.92
1.49 37.19 28.61
37.2 8.49 19.8
69.83 12.97 93.93
19.71 56.07 4.49
54.91 31.27 28.3
59.24 86.42 33.51
25.74 58.78 74.33
5.24 72.6 9.65
88.62 94.99 84.23
11.11 68.45 81.09
63.61 6.06 46.09
4.77 47.32 29.23
52.26 65.3 82.7
86.74 3.16 74.22
41.68 76.61 52.21
88.06 10.99 14.75
68.33 73.78 55.48
96.42 11.21 26.31
38.74 5.06 82.33
41.48 51.33 77.16
24.09 86.98 5.05
7.23 76.15 68.48
64.83 84.66 69.22
22.61 10.68 14.39
59.38 89.51 16.44
32.78 25.82 13.48
39.61 61.76 21.82
84.31 47.27 18.78
15.23 65.17 60.02
83.68 65.31 60.64
2.18 20.59 72.41
72.59 38.54 21.71
64.05 76.08 19.81
48.05 41.52 99.51
50.8 97.44 84.59
70.79 35.96 88.12
12.32 24.42 22.23
13.32 28.08 92.68
27.93 38.08 31.58
46.68 92.85 68.95
42.93 84.38 61.35
49.63 32.22 97.36
95.36 9.89 55.16
7.32 44.16 16.26
98.84 99.58 91.15
25.9 56.78 93.66
66.08 99.36 23.45
95.2 13.34 4.86
79.67 13.86 79.11
8.19 63.72 8.53
40.02 6.7 93.49
48.96 35.95 97.16
97.5 44.25 25.5
65.29 6.21 12.38
24.68 0.11 52.29
77.63 93.89 84.47
9.97 38.04 82.87
92.49 80.11 17.41
41.49 32.62 69.79
77.85 48.12 96.84
96.52 22.64 50.74
86.61 23.64 88.68
71.03 9.99 99.07
47.42 63.77 86.87
74.54 1.08 41.46
35.03 88.21 39.66
95.25 1.74 51.11
9.61 72.66 90.47
23 23.15 9.33
53.65 64.6 2
9.42 24.13 34.7
29.09 20.6 65.4
23.71 14.51 94.19
31.87 59.88 92.22
52.96 6.72 18.17
98.31 74.1 70.39
29.71 98.22 5.56
28.64 26.2 63
32 85.55 12.7
95.68 38.22 75.05
69.3 91.04 58.45
79.41 19.78 29.87
19.29 43.64 84.64
63.17 70.94 31.2
22.73 15.22 20.68
90.03 51.08 88.62
67.79 7.86 19.75
6.37 53.85 32.31
71.16 50.94 95.38
11.56 18.88 52.53
51.27 64.77 62.05
64.74 17.86 93.65
68.48 67.48 18.25
99.63 53.41 48.01
49.37 34.95 67.21
4.18 57.88 79.76
70.97 99.31 5.66
7.68 38.09 51.37
98.61 2.26 16.32
85.83 24.47 26.98
3.38 51.7 18.01
96.14 49.33 2.52
48.21 39.4 6.64
63.26 79.95 17.16
77.61 8.17 15.47
77.75 65.1 98.06
84.97 79.68 20.79
45 98.02 10.09
84.34 16.35 33.99
71.85 9.58 95.11
74.24 4.22 3.24
57.75 26.67 3.34
93.62 54.22 92.61
13.86 79.94 17.46
40.95 40.76 88.52
31.71 65.49 25.12
7.99 31.66 41.07
26.65 82.53 0.03
76.16 41.58 50.24
63.31 66.64 41.49
54.87 93.58 82.21
12.62 64.62 58.76
94.94 98.28 13.41
74.02 32.1 83.51
70.87 26.15 39.59
20.45 90.37 32.48
22.86 22.58 24.28
46.33 39.37 35.34
55.81 9.1 70.88
80.94 92.04 77.77
38.88 83.09 39.79
55.71 96.13 18.53
98.16 21.68 31.53
26 72.44 86.46
85.66 84.12 9.41
91.99 32.88 83.98
71.1 56.32 59.67
57.26 62.21 34.65
67.16 81.16 51.58
21.25 78.57 20.89
58.14 96.44 22.46
18.66 52.59 54.08
46.33 57.52 62.02
9.32 74.61 92.35
1.2 75.8 99.43
65.36 90.05 85.76
51.97 47.6 46.94
64.11 47.51 85.55
62.18 57.32 30.43
45.01 9.12 28.26
5.88 23.44 33.75
34.93 7.86 47.94
82.13 37.87 1.04
51.45 51.16 91.04
81.06 25.56 47.78
41.3 12.85 29.23
71.76 12.52 2.03
32.98 62.45 76.4
95.91 77.78 73.72
36.99 64.63 40.88
96.03 64.59 69.68
2.9 6.93 4.68
59.65 86.87 28.67
26.68 66.43 29.83
80.38 32.04 26.47
97.71 71.6 41.92
20.25 19.34 5.64
45.45 79.33 67.24
62.83 84.17 52.31
84.25 49.21 36.77
68.55 88.22 80.55
69.06 69.41 4.47
91.86 68.33 44.15
29.13 65.39 27.49
75.85 80.74 1.29
48.72 43.56 3.29
5.08 7.04 26.18
20.88 7.31 64.31
37.21 10.62 4.64
10.36 19.02 69.22
22.5 26.36 70.44
11.89 14.6 50.85
42.45 81.04 33.24
22.76 91.03 73.82
21.51 6.93 55.95
16.91 12.99 64.03
28.42 52.93 64.29
98.01 73.13 43.69
67.55 72.4 20.08
1.13 62.05 20.66
91.65 38.53 47.28
98.94 17.25 97.6
78.42 6.53 8.7
99.4 84.93 77.65
87.1 80.88 54.54
74.35 88.24 92.65
23.73 69.1 6.57
79.67 93.62 91.22
13.82 39.22 30.94
96.51 46.41 92.92
75.92 40.42 92.99
22.64 69.37 26.6
85.39 64.12 25.22
64.65 26 67.95
65.24 76.91 37.88
87.98 50.32 26.48
64.49 14.6 16.96
33.93 22.25 5.04
10.45 50.44 11.2
0.5 44.91 42.31
36.44 90.24 32.42
82.38 11.45 93.65
54.47 4.94 42.3
80.35 47.22 24.19
34.76 47.42 40.01
15.67 67.6 93.61
50.68 47.4 42.06
20.29 85.22 7.4
21.44 83.66 98.85
54.47 83.12 0.57
38.34 94.37 1.47
2.75 1.4 29.64
62.62 20.6 49.68
25.4 1.81 3.64
54.27 43.77 13.29
84.76 11.87 57.21
57.62 74 25.8
8.55 33.18 82.59
13.25 34.23 41.21
92.6 5.14 97.15
13.01 15.67 87.63
77.73 54.51 28.63
25.64 69.65 10.75
41.79 5.02 41.34
7.21 96.79 95.26
24.76 22.49 23.89
3.32 26.73 24.99
93.87 74.15 24.09
88.02 5.26 33.28
38.01 20.34 52.71
70.04 4.31 94.56
85.09 33.65 79.34
82.71 43.8 59.31
60.25 64.24 37.16
79.59 74.27 20.49
28.05 64.33 0.52
61.13 61.05 1.31
17.59 71.55 68.02
22.53 12.49 11.61
44.39 86.66 65.88
71.71 62.65 51.87
72.21 4.01 51.3
37.14 54.34 64.21
57.28 1.86 91.28
7.8 55.91 24.69
96.92 50.06 26.45
67.02 47.13 10.59
23.37 57.28 46.66
90.17 72.06 26.06
62.64 2.28 25.33
6.93 16.14 54.62
98.81 92.63 29.07
0.15 9.11 95.62
36.71 6.61 83.57
19.44 22.98 70.31
99.54 11.43 5.53
78.39 71.11 9.48
0.35 62.47 17.96
42.51 65.07 92.46
14.7 23.55 78.46
13.23 87.36 2.8
66 74.72 98.4
90.32 73.54 62.74
77.95 71.07 11.66
36.24 25.63 40.44
47.58 29.31 0.47
47.73 58.26 62.05
29.64 98.5 66.33
46.29 21.23 20.45
19.78 47.13 82.43
99.06 95.87 35.57
94.4 36.75 16.18
84.11 31.72 43.59
8.57 43.39 8.14
0.7 15.59 53.5
81.12 87.68 0.05
17.17 26.45 61.35
98.39 4 75.07
24.58 27.88 74.12
68.13 63.64 81.27
41.63 50.2 75.72
65.83 15.3 79.66
46.46 18.59 36.63
74.55 79.38 35.22
14.66 57.68 30.83
8.42 60.54 19.26
1.55 75.04 21.2
3.81 72.21 58.79
53.59 85.88 34.19
93.56 40.6 28.98
19.85 98.9 82.12
15.37 21.93 9.69
64.03 45.61 6.41
21.01 32.52 35.77
8.34 58.83 76.3
70.82 27.62 28.95
22.89 3.96 33.81
9.88 49.62 28.14
37.03 12.84 34.27
73.67 19.09 48.57
33.66 4.98 45.96
0.9 76.51 19.14
62.1 25.46 3.6
8.66 38.6 5.42
90.73 29.68 86.4
55.18 66 16.43
94.04 11.81 35.5
15.31 9.18 46.28
10.19 47.36 32.37
40.44 43.55 83.17
82.4 3.87 96.1
77.34 74.06 83.69
79.12 25.12 31.97
81.54 10.72 65.2
46.47 77.35 59.66
76.06 8.5 32.01
59.36 4.99 52.87
70.53 39.74 83.46
63.74 51.67 3.96
23.31 26.95 72.72
25.36 36.85 0.2
47.05 53.27 13.49
45.33 77.89 18.37
57.7 84.92 33.69
27.72 97.87 8.66
38.16 78.76 83.15
14.9 67.49 14.52
16.27 46.77 69.83
51.05 99.37 6.53
25.48 14.53 87.12
53.98 36.63 42.33
45.68 87.61 36.12
96.14 77.83 93.15
54.63 69.03 74.4
85.65 25.03 7.15
86.27 68.3 68.08
16.91 9.25 29.5
44.09 99.91 26.98
55.16 25.63 3.58
87.12 74.91 99.16
80.37 66.86 38.8
38.03 86.55 98.37
77.35 16.44 98.22
59.41 70.7 46.94
80.01 38.19 99.54
13.72 28.78 6.97
5.29 26.25 6.34
73.5 32.24 42.39
66.47 27.76 21.98
5.05 5.57 48.56
89.92 29.91 33.25
59.89 71.26 61.62
68.81 16.76 85.82
65.37 15.6 61.18
68 83.72 18.89
17.45 47.94 45.27
21.01 22.76 47.09
39.93 36.42 0.46
75.99 74.93 58.45
89.26 38.66 71.04
67.03 46.32 45.56
79.25 87.48 5.18
61.05 87.97 46.32
0.45 57.74 86.03
97.63 83.06 22.56
89.67 55.03 69.09
80.53 24.89 84.07
4.12 57.92 70.65
87.54 20.11 69.63
69.32 47.28 68.35
33.43 93.14 89
48.48 47.2 51.41
12.27 38.64 82.31
76.52 78.04 92.89
93.84 30.49 93.2
66.58 81.01 23.76
4.2 72.36 75.3
28.18 11.48 80.1
21.88 3.45 69.55
78.63 5.71 40.52
14.65 91.19 54.39
36.69 74.27 56.25
45.46 10.33 97.77
93.15 1.38 82.55
69.32 4.55 23.14
76.61 44.47 50.2
37.53 40.79 56.23
95.04 38.59 62.74
79.34 4.37 87.51
91.52 55.64 89.21
22.09 90.85 35.51
80.91 58.73 1.3
72.05 48.58 30.04
62.63 5.99 15.52
49.04 67.9 44.25
17.43 75.34 6.53
76.15 69.39 23.07
46.76 19.7 10.32
5.03 51.2 46.26
99.89 95.55 50
76.14 36.58 40.28
65.34 12.03 57.58
6.53 27.04 5.62
20.59 8.2 46.96
19.89 77.18 48.27
45.6 56.34 80.58
36.1 17.46 23.2
73.48 16.11 26.55
77.22 52.21 92.94
31.26 64.19 3.55
78.87 89.83 24.73
0.17 37.8 68.73
56.6 55.2 39.31
60.57 44.65 89.81
26.28 72.36 77.3
91.17 41.86 96.86
50.16 86.87 19.44
77 3.16 8.81
76.57 60.87 13.21
4.78 93.61 55.62
12.23 32.22 7.14
45.5 79.88 3.26
20.49 20.76 19.55
32.41 18.43 72.03
32.9 34.55 75.86
7.54 53.98 39.82
9.41 37.12 72.02
6.94 23.02 57.06
71.44 46.33 67.25
9.33 30.79 12.91
54.3 81.33 79.74
61.34 97.58 2.69
28.08 91.53 67.16
0.88 16.8 89.46
25.09 10.47 32.86
66.25 59.92 80.92
8.27 74.71 22.68
5.34 14.65 44.56
17.5 72.3 21.43
15.57 60.07 10.41
79.48 26.92 5.98
91.19 21.69 46.35
4.18 81.32 40.6
99.15 67.95 31.25
36.1 23.54 49.61
20.77 36.45 1.8
82.05 18.96 8.7
72.11 73.27 36.32
17.17 8.92 1.83
24.7 73.67 26.03
46.8 70.75 10.55
85.62 97.21 44.64
75.6 1.26 28.46
14.11 79.77 10.35
85.99 93.7 86.18
45.77 57.52 82.05
98.94 18.87 46.48
24.79 61.78 22.15
89.58 71.41 20.45
42.34 30.97 3.63
42 1.17 55.98
75.87 94 22.52
43.28 71.51 61.54
20.06 81.06 40.33
9.66 97.85 68.09
12.81 58.31 19.6
23.44 86.23 32.74
45.22 68.83 27.29
56.53 84.29 19.85
3.19 56.42 92.58
43.56 13.49 22.83
61.39 36.02 17.85
1.6 14.98 4.73
89.01 65.19 83
92.46 5.83 13.08
39.82 61.67 72.8
26.34 50.06 14.18
14.82 41.28 97.1
9.97 4.29 19.91
14.92 4.48 92.36
14.11 40.53 51.2
46.03 67.44 68.68
27.49 29.24 23.83
18.13 25.81 1.7
27.13 94.95 85.3
24.61 19.23 47.53
97.86 45.28 2.02
56.12 44.07 89.83
29.77 68.49 69.82
59.41 61.45 67.41
92.99 33.89 18.25
0.18 93.81 80.39
20.38 9.68 63.09
4.53 52.92 64.84
23.73 73.82 25.81
2.39 19.03 61.87
14.42 82.34 53.07
44.57 7.36 9.04
64.21 39.82 49.8
14.22 65.9 0.55
73.23 9.02 37.78
46.25 50.67 90.98
94.99 10.71 8.78
84.95 12.36 78.68
99.84 76.47 54.72
67.69 22.3 48.76
28.27 61.69 48.33
21.78 15.05 44.66
19.24 21.72 62.54
16.87 99.38 66.82
27.09 33.72 40.6
31.69 72.7 43.78
11.94 93.16 51.3
46.2 14.63 92.01
64.64 93.21 21.94
52.15 92.61 22.26
15.54 46.79 56.79
19.34 44.73 21.12
72.19 34.61 35.49
76.32 29.84 96.58
22.91 91.99 10.6
69.24 76.12 41.26
51.41 75.02 4.37
9.36 70.66 0.38
13.22 97.67 73.79
40.83 6.03 51.79
94.94 46.91 42.41
50.79 68.2 53.63
1.46 68.76 96.59
90.8 53.47 24.26
10.69 88.78 66.54
16.2 74.25 32.47
57.97 68.19 47.44
84.38 21.33 13.74
6.27 12.53 7.02
65.69 13.48 37.79
57.62 13.07 2.9
38.34 67 12.04
62.88 6.88 18.11
30.87 5.6 49.32
36.15 86.28 52.52
16.12 22.84 71.37
31.89 63.81 19.17
12.26 43.44 12.1
30.26 47.51 50.38
53.92 91.8 73.73
94.18 23.86 0.96
62.16 2.97 80.64
46.67 51.11 61.09
27.97 57.65 89.76
0.26 44.33 29.05
80.05 11.89 90.84
3.08 67.19 53.37
18.69 86.04 87.15
97.23 88.02 28.03
95.7 12.81 55.52
18.2 51.81 73.91
73.02 17.41 47.6
92.98 45.25 65.97
85.51 2.89 89.3
12.48 22.47 65.29
14.31 15.61 37.18
37.51 65.66 75.67
74.13 9.15 39.92
84.43 58.84 75.79
27.1 74.89 93.43
14.77 91.02 47.09
16.16 19.78 99.75
24 6.46 43.75
18.64 2.75 19
65.18 86.78 49.07
49.88 3.01 12.77
34.13 69.26 97.96
99.86 17 95.79
98.05 2.3 5.77
7.27 65.91 6.21
88.19 36.63 5.79
49.12 77.27 35.35
18.75 52.79 22.57
8.87 9.75 74.67
62.04 35.35 89.31
95.23 24.94 42.96
82.46 35.97 43.92
18.77 26.27 48.56
15.96 41.22 2.53
78.71 7.12 9.31
46.55 70.4 20.98
98.97 63.7 5.9
90.12 91.85 49.94
49 78.34 2.77
46.11 2.2 42.17
32.23 64.15 12.95
99.38 5.78 17.96
12.13 76.08 8.19
92.28 73.43 52.47
24.89 78.05 74.03
72.69 83.45 33.46
98.95 38.77 14.93
66.97 69.46 4.89
37.42 12.31 11.84
58.24 24.55 36.25
49.8 68.65 76.6
15.4 61.79 5.75
3.23 52.15 12.22
55.01 1.61 41.03
4.32 25.16 94.4
63.71 80.49 96.98
72.8 62.26 39.3
15.09 52.12 50.1
18.26 95.77 20.78
86.26 15.93 3.34
5.33 74.98 81.07
60.29 4.7 60.89
97.83 23.8 77.93
39.03 94.56 15.37
32.38 26.69 32.99
62.11 30.48 99.29
60.74 40.07 62.08
88.38 45.45 8.26
28.21 31.24 18.15
2.5 15.3 27.4
31.76 73.38 47.76
74.7 74.64 63.09
77.42 10.62 45.3
24.34 77.98 5.56
77.14 74.33 75.47
50.92 91.68 10.14
19.28 52.86 9.42
16.91 77.62 76.38
39.55 12.27 4.72
1.5 94.65 47.4
25.21 28.11 8.68
29.88 76.87 59.18
96.53 16.32 69.55
94.43 7.34 90.65
39.94 7.03 48.38
31.68 30.46 24.53
91.5 90.1 7.76
3.86 8.53 8.07
98.04 10.66 78.02
33.6 10.21 80.34
88.32 63.04 62.44
0.64 47.27 25.41
6.19 52.8 72.4
58.79 25.18 23.6
82.89 86.32 50.44
54.7 56.34 80.43
38.57 5.85 22.47
96.98 20.64 49.33
82.79 48.99 88.25
95.46 13.08 86.75
44.77 43.19 82.44
19.9 52.81 21.72
71.59 69.65 71.62
63.65 98.34 50.25
13.02 39.98 5.16
87.43 12.28 15.87
8.79 13.17 10.28
45.34 98.09 72.12
15.77 25.35 44.27
13.02 37.74 71.83
48.18 43.29 3.19
49.17 92.28 71.01
19.14 32.53 84.61
63.31 52.94 0.46
74.75 5.35 43.39
11.47 3.19 33.43
22.98 58.44 28.53
71.08 25.33 2.62
27.73 75.6 84.1
40.96 92.43 56.08
77.65 45.27 65.63
93.57 24.12 2.68
20.5 79.66 70.47
21.81 12.81 81.2
79.99 44.9 0.11
48.96 68.21 36.56
57.21 37.84 96.22
6.35 8.76 39.52
60.46 57.11 82.67
96.95 22.04 33.52
14.05 99.71 36.05
68.83 43.61 74.29
68.59 19.49 67.8
19.36 23.5 87.38
33.87 44.51 15.71
45.36 4.89 16.21
64.05 95.17 98.68
43.61 51.13 11.83
46.99 80.18 61.67
35.79 2.34 44.41
59.1 24.07 10.98
20.28 10.3 60.04
39.14 51.61 58.44
60.62 11.55 46.2
81.21 74.62 76.66
48.53 56.2 67.86
6.95 52.45 49.06
87.07 82.54 29.39
12.27 0.07 83.47
26.58 16.54 74.72
49.72 72.61 30.24
34.29 44.73 4.46
39.37 0.88 60.47
82.74 48.63 26.16
99.5 9.53 15.83
37.99 21.28 90.29
75.29 89.75 66.83
40.98 10.68 4.16
42.64 58.61 37.3
63.01 18.12 77.83
81.97 2.16 94.31
65.64 31.22 14.19
47.24 4.46 86.85
37.85 67.04 71.28
71.89 61.47 66.79
58.24 96.57 7.19
43.63 30.2 62.99
61.35 32.46 47.61
61 2.86 64.02
85.76 17.04 10.16
93.58 70.98 67.15
38.5 29.16 70.93
63.25 97.43 82.41
27.43 2.58 64.93
14.13 77.94 49.41
23.28 8.2 34.49
61.9 21.01 81.56
85.78 4.01 16.65
11.44 20.76 70.65
59.39 27.55 11.71
92.36 62.4 12.17
25.62 39.85 23.98
98.51 37.69 5.28
62.99 1.54 18.39
44.09 40.62 91.26
99.13 80.15 41.25
33.58 90.67 19.58
65.77 13.39 65.58
54.59 90.31 26.4
2.11 17.95 86.81
20.69 39.11 20.31
85.89 18.93 16.24
20.14 35.64 97.8
16.87 97.07 28.85
26.29 77.26 99.77
60.18 28.42 88.36
96.2 1.08 95.49
6.39 46.66 36.91
68.63 79.93 38.01
72.96 15.04 5.17
39.79 17.99 82.06
17 35.68 58.15
18.57 65.95 42.02
70.36 45.98 78.16
11.51 58.31 10.34
97.25 82.66 38.75
17.54 90.2 35.07
44.43 78.49 26.84
17.12 5.07 11.06
57.86 21.4 83.57
2.38 19.79 25.36
77.97 18.47 68.49
6.39 85.02 3.18
42.04 91.82 89.5
13.23 9.96 26.91
98.31 22.43 26.44
30.44 11.28 91.02
50.96 67.4 85.96
9.85 35.15 18.91
22.33 72.58 30.18
21.95 69.4 28.51
7.65 77.78 28.58
43.28 7.75 33.48
72.98 7.56 32.75
14.4 18.9 48.57
57.78 54.71 96.47
46.3 23.14 94.72
21.85 87.82 91.05
96.96 51.66 48.87
69.31 36.88 15.97
36.32 46.4 17.67
6.06 93.19 23.7
24.81 51.52 21.05
78.37 68.08 84.51
98.51 8.87 62.34
4.24 24.57 30.5
11.8 11.74 53.09
11.28 68.7 34.38
98.1 21.91 60.62
68.16 52.89 5.25
8.25 77.75 91.96
57.81 64.31 52.83
83.53 5.46 8.14
92.94 39.86 98.04
5.14 10.42 85.54
51.45 46.76 83.36
64.98 66.45 48.16
20.68 73.58 14.29
25.56 32.63 35.53
84.41 45.34 62.76
11.28 29.12 1.09
36.24 97.34 34.4
6.11 14.28 29.39
73.02 66.4 18.84
66.66 47.79 34.34
69.81 93.23 24.08
75.73 30.91 44.78
94.99 19.26 11.2
81.3 76.58 97.08
37.16 65.01 38.15
81.92 74.09 0.76
37.33 35.8 39.82
16.85 47.95 37.39
33.99 75.63 84.38
62.88 59.71 64.26
65.79 61.53 37.82
78.12 0.61 81.97
69.03 34.75 2.6
13.63 27.24 9.44
69.75 39.65 60.69
2.6 16.83 95.89
86.07 13.09 81.16
29.75 1.38 10.74
16.59 40.96 73.17
71.46 7.77 47.09
10.49 74.34 8.92
70.3 90.19 67.18
48.15 12.12 1.33
67.63 11.42 25.29
85.67 61.62 58.67
6.63 35.78 15.59
0.5 1.24 66.3
27.38 5.16 14.21
81.33 45.81 49.54
77.37 32.07 36.48
94 93.19 85.99
89.78 8.13 77.37
86.38 19.37 5.67
37.47 61.98 88.92
28.44 36.71 31.69
73.42 35.42 65.31
4.12 94.77 43.35
45.1 38.38 65.48
36.46 89.74 49.17
84.7 13.12 40.3
11.56 77.65 59.46
16.94 65.49 54.66
13.1 4.91 31.09
36.37 33.09 15.53
38.88 78.38 23.96
80.46 21.87 40.13
57.69 7.6 82.57
9.84 45.92 52.34
98.87 81.23 84.73
9.23 94.28 68.93
20.04 28.87 13.15
61.6 3.12 31.07
92.76 36.57 2.96
35.87 95.78 79.53
72.88 83.82 67.49
66.99 70.06 22.2
58.03 82.79 38.04
39.35 97.14 53.98
10.53 8.64 55.7
71.19 69.9 11.79
42.81 63.54 74.07
3.01 94.38 25.39
78.82 17.57 3.7
54.32 20.19 58.65
69.48 52.94 22.4
38.43 75.4 53.86
12.92 88.44 53.38
71.4 54.62 91.02
21.36 71.6 30.55
5.12 62.05 19.28
49.8 5.82 23.79
12.44 80.73 28.08
41.08 38.04 5.99
27.72 9.44 77.91
92.06 39.42 24.9
20.37 72.31 83.1
27.01 72.34 89.71
55.71 21.76 74.03
95.84 62.39 37.85
85.98 28.78 66.03
82.49 69.09 64.84
79.73 92.36 83.08
19.61 74.86 22.77
55.96 42 54.41
47.19 28.54 53.86
32.81 35.42 60.59
68.1 52.5 6.55
51.64 94.78 16.75
77.66 46.14 77.3
67.14 4.47 16.24
19.05 93.36 82.23
6.96 21.02 52.79
6.51 66.42 16.71
19.61 9.61 5.94
71.4 15.15 57.02
6.29 53.35 98.9
13.43 39.79 65.56
33.56 18.12 99.84
13.46 86.67 19.22
75.15 7.87 71.25
88.16 88.06 89.29
77.59 27.09 6.55
51.53 24.28 88.72
32.3 44.44 27.04
44.71 46.8 44.35
69.06 15.8 79.39
1.64 47.85 33.57
11.48 58.35 82.54
19.55 20.86 5.22
96.75 72.94 18.91
6.67 26.98 75.74
67.59 56.85 59.29
21.97 28.91 27.5
7.4 70.59 1.76
76.96 39.64 82.58
52.36 21.27 16.87
92.59 22.66 56.25
5.99 92.56 44.21
22.71 24.95 26.92
25.17 3.56 28.36
65.92 94.94 47.71
66.56 46.16 10.6
2.46 95.17 89.33
22.44 85.64 84.64
86.6 47.03 51.78
5.32 5.99 11.52
72.78 11.6 76.26
62.08 31.83 5.07
49.36 21.59 45.13
0.24 10.07 19.1
60.72 23.65 8.98
8.11 42.91 80.8
15.18 13.33 63.95
64.35 35.35 78.25
17.56 63.11 52.67
63.88 91.23 32.8
26.07 45.14 24.4
92.56 64.81 19.5
6.38 54.62 29.65
59.22 50.01 27.84
86.36 15.54 58.39
2.54 13.55 6.04
14.42 12.81 18.4
23.22 14.85 34.44
22.17 19.48 97.41
63.86 32.24 99.27
8.66 8.56 54.58
99.87 39.58 51.32
3.76 23.32 59.65
24.95 4.4 43.1
44.3 13.43 9.96
23.18 69.29 1.11
19.38 68.31 94.65
47.31 11.26 21.95
13.48 50.79 84.93
11.95 64.96 4.87
25.55 23.68 36.16
7.57 59.28 71.3
75.04 65.74 75.43
97.77 45.49 64.14
55.91 91.23 45.2
31.97 10.21 29.65
67.89 50.17 22.25
44.93 26.23 10.62
58.32 59.35 81.51
19.56 97.78 81.19
42.52 1.13 80.37
14.15 62.93 82.54
63.94 25.45 59.33
65.97 9.66 45.99
8.78 81.07 11.79
92 7.85 83.07
70.24 18.38 47.4
24.36 46.23 17.9
62.05 81.39 71.66
64.16 70.06 52.36
24.8 95.44 90.34
53.81 53.56 71.23
69.2 91.63 20.62
71.02 14.29 96.1
0.77 22.28 51.5
17.75 11.01 65.82
42.23 7.92 48.37
79.36 2.77 20.7
43.72 11.94 37.55
24.49 0.16 60.92
48.99 66.21 24.47
10.29 23.54 71.81
21.85 19.02 9.29
26.13 54.38 21.06
44.34 97.15 52.2
76.81 39.04 21.61
20.83 48.13 51.62
44.68 95.09 98.44
3.05 97.05 95.44
11.44 26.08 1.77
12.54 8.44 62.19
38.98 45.19 41.04
50.51 94.88 9.49
32.78 11.62 10.43
1.6 31.33 19.45
79.47 42.59 93.98
66.18 45.53 81.51
89.41 38.83 45.44
69.98 68.02 8.32
72.04 65.79 15.85
11.24 99.7 14.32
5.99 0.01 26.24
74.4 17.99 79.18
15.1 94.46 66.68
50.96 29.73 99.34
44.95 9.17 22.63
87.38 26.34 74.13
47.84 16.95 99.82
27.61 14.59 7.86
4.02 52.73 42.07
64.45 39.66 14.56
18.68 86.23 42.47
54.51 44.41 44.82
14.19 10.74 21.52
29.98 98.39 48.54
19.32 40.62 20.07
76.28 75.53 21.86
33.03 22.8 3.01
51.73 59.91 41.25
42.77 24.96 18.2
27.56 8.99 12.46
57 57.08 56.07
90.41 91.86 81.13
87.64 28.21 7
28.96 89.41 33.72
29.13 27.29 47.59
19.14 2.22 66.14
84 45.77 41.31
73.88 80.24 21.76
54.58 23.99 45.27
40.39 1.19 32.1
63.11 31.51 84.78
8.47 50.84 8.87
17.77 20.12 10.89
41.62 44.18 55.51
18.69 15.51 66.64
28.92 71.42 84.57
24.29 62.04 35.48
51.05 12.71 35.44
37.21 8.24 11.41
47.26 34.32 82.41
77.89 22.75 44.84
99.26 71.87 37.94
38.9 71.14 96.6
75.08 2.25 85.75
88.52 39.28 50.88
49.69 86.85 41.49
97.78 14.91 6.5
2.14 86.7 66.4
4.59 89.65 92.41
76.05 73.05 20.43
36.08 43.73 58.28
29.98 27.68 94.04
37.54 80.29 53.13
15.84 94.35 23.68
99.87 34.29 7.15
22.43 79.83 30.41
99.92 82.52 66.73
44.16 84.13 90.19
91.33 68.08 25.5
37.38 14.39 90.7
69.49 63.09 45.99
92.27 14.29 75.32
73.65 50.18 33.08
8.22 40.34 73.79
89.82 73.05 30.39
99.97 9.91 57.35
57.93 60.95 11.85
60.58 51.5 6.96
7.52 84.84 72.33
24.47 35.22 53.6
32.52 1.41 62.75
5.09 11.82 49.71
69.03 82.04 94.83
57.98 52.49 94
44.28 67.94 96.04
21.34 53.58 40.77
77.04 23.65 17.59
19.79 52.16 85.99
86.06 66.27 86.65
10.32 66.59 85.43
44.69 15.03 53.91
30.33 12.89 86.51
39.88 68.29 86.12
92.15 64.08 80.74
77.13 58.49 33.35
41.09 49.58 13.12
79.27 70.71 65.42
94.2 49.76 22.21
84.6 87.78 82.19
41.05 46.58 45.76
90.97 31.35 43.76
17.1 1.84 83.31
39.68 57.66 16.5
81.69 18.74 77.09
32.06 65.4 75.72
22.1 34.51 72.83
38.2 22.38 5.78
59.78 2.33 96.77
97.72 75.65 13.42
96.76 29.4 33.94
27.37 35.87 20.94
96.39 18.11 29.34
94.31 94.49 94.88
51.42 14.23 15.75
32.9 27.01 10.21
87.26 4.33 43.14
82.41 34.94 73.18
14.17 9.2 6.29
74.72 24.71 74.03
79.71 49.43 62.45
61.05 65.18 1.1
7.94 11.91 89.91
76.94 67.66 65.49
98.68 28.33 66.28
57.95 43.83 28.84
50.8 43.07 22.23
34.09 45.54 42.56
19.01 17 55.29
26.4 9.22 12.28
98.59 32.86 70.79
54.6 8.43 5.23
21.73 10.27 71.81
77.9 58.07 91.37
94.39 54.97 86.68
21.87 55.6 31.1
76.09 30.32 14.45
52.98 57.59 23.48
80.41 60.49 81.12
38.69 31.25 99.7
23.52 4.37 59.92
25.32 32.82 14.48
87.77 6.17 80.48
84.71 75.23 12.9
66.87 45.31 73.6
7.8 5.3 72.37
82.97 24.81 87.17
12.3 47.33 23.05
53.57 18.34 64.48
23.31 14.15 47.79
57.01 49.19 87.83
27.71 49.76 44.14
41.86 65.78 61.49
85.88 12.69 86.25
76.21 97.16 91.43
56.93 15.78 2.12
1.96 91.76 77.6
16.43 99.24 0.93
80.55 41.85 71.07
7.23 97.02 59.74
86.18 88.04 38.59
11.09 86.07 1.74
74.72 78.98 83.12
24.09 3.12 99.46
79.58 47.14 15.3
35.54 9.75 40.23
50.12 93.87 80.12
51.64 23.57 24.92
43.56 18.22 19.32
31.05 10 38.38
15.24 23.14 74.42
26.73 83.72 44.07
85.84 5.57 51.7
88.82 61.65 0.86
49.53 79.81 53.69
59.3 26.35 74.55
53.59 15.77 7.6
27.45 43.84 38.65
42.86 76.93 26.63
20.41 87.55 90.09
15.56 47.41 11.22
80.8 75.89 54.65
18.91 95.22 10.74
5.7 7.82 74.22
29.99 86.41 39.36
48.29 35.92 29.69
15.03 57.6 57.6
27.63 93.23 52.68
8.58 26.79 67.74
2.29 36.35 4.22
10.93 6.89 88.96
57.26 42.63 96.95
52.12 41.5 44.7
17.12 57.33 11.31
25.07 60.36 22.16
22.26 57.67 31.68
83.13 52.62 35.67
97.43 37.84 88.04
3.11 97.18 7.36
32.77 85.31 38.52
8.18 28.29 61.54
19.46 87.38 61.3
77.4 32.79 84.48
8.14 63.41 67.76
5.85 91.28 78.74
14.06 19.67 45.76
63.56 62.24 97.5
9.78 42.11 20.67
13.28 71.17 90.44
49.34 12.28 33.01
75.98 9.39 97.39
19.41 57.85 81.95
68.67 57.21 10.64
91.13 18.79 43.62
96.09 65.94 64.86
29.55 26.67 71.39
68.51 28.53 7.19
5.32 20.22 25.58
81.46 33.96 28.97
47.02 71.77 30.69
68.37 63.57 47.34
90.97 40.69 83.27
64.75 70.93 2.03
13.06 58.44 44.04
37.71 98.9 10.18
80.55 43.57 97.39
53.89 37.72 6.86
10.31 23.53 4.05
37.77 1.03 28.04
30.19 88.17 9.11
65.43 68.18 4.35
30.94 0.28 17.9
50.02 49.07 48.87
23.74 74.27 56.63
64.07 60.56 71.38
93.1 47.19 68.94
34.84 53.43 94.08
15.36 65.03 9.75
10.9 17.7 47.99
18.32 49.46 26.87
47.94 57.52 36.14
94.21 49.58 73.59
18.23 4.83 46.41
24.89 23.26 66.24
83.53 3.02 36.42
51.34 42.14 24.22
50.41 21.6 32.21
71.36 8.13 20.55
37.82 24.36 14.01
27.95 49.36 80.88
68.2 27.76 85.15
88.17 78.05 46.63
34.06 0.42 11.84
52.62 26.1 14.65
19.67 18.99 56.31
82.4 39.25 23.97
9.09 13.77 54.15
51.39 85.18 12.22
39.48 49.54 12.19
19.84 34.7 4.96
68.68 17.9 44.65
16.62 24.19 48.17
21 79.42 26.83
24.61 12.7 42.18
94.45 56.51 71.63
18.69 47.39 12.28
1.91 83.01 23.53
62.16 94.5 15.05
43.93 79.77 97.16
57.11 39.58 68.41
38.19 24.34 88.75
62.91 94.1 63.46
43.24 91.21 51.96
69 14.53 57.46
7.3 12.92 48.98
29.1 59.06 79.84
12.23 52.92 8.65
19.27 56.57 20.99
53.93 19.37 14.6
54.4 0.46 22.73
18.95 93.53 91.41
67.12 65.33 19.83
25.11 90.6 51.01
11.45 76.61 24.89
95.16 14.54 92.36
1.26 34.73 45.31
35.95 77.71 17.62
68.87 9.3 48.18
16.13 10.02 61.33
76.6 31.69 69.97
51.21 95.09 58.38
14.46 7.75 19.79
65.54 24.58 1.11
6.58 65.34 37.29
47.02 72.76 39.68
81.88 2.51 23.59
78.18 13.86 2.7
93.03 47.95 22.76
8.59 82.14 57.65
83.25 47.34 15.13
13.35 9.26 61.5
92.21 13.47 57.05
2.31 57.29 84.82
28.12 95.78 44.62
40.87 20.64 44.72
5.33 58.1 77.47
54.96 99.51 8.7
22.35 6.13 84.27
54.36 9.24 49.15
75.15 45.69 18.19
33.63 85.76 23.02
80.84 53.65 1.36
48.94 42.97 81.25
4.69 63.9 51.8
20.73 34.87 35.12
64.64 14.58 14.52
