15.7 57.52 57.8
52.68 25.86 6.53
19.38 19.73 93.66
95.55 36.73 72.04
1.74 16.1 82.82
28.91 1.16 7.26
93.38 71.22 10.71
41.33 29.42 24.53
31.79 56.18 31.89
10.8 94.07 78.49
92.9 73.35 99.99
39.64 32.1 8.02
10.91 83.73 64.35
87.93 9.03 7.97
85.74 8.68 1.16
90.2 59.5 53.99
64.47 11.7 78.01
2.12 28 51.41
65.51 56.33 7.1
8.92 82.48 64.27
12.1 51 83.95
98.83 59.21 26.56
20.13 65.36 0.53
0.31 10.38 39.97
77.82 83.61 29.86
50.21 27.65 30.09
69.98 11.72 55.22
95.85 9.54 6.4
59.67 31.63 6.7
36.96 26.44 74.84
91.6 64.92 99
24.06 45.49 41.01
34.72 59.18 53.49
5.57 27.78 66.74
63.32 57.22 54.85
12.31 53.82 73.51
87.87 8.51 22.67
75.8 23.59 63.5
13.96 94.24 84.84
26.54 73.57 42.04
0.29 15.15 57.55
38.09 88.31 68.32
92.15 3.97 40.84
93.4 90.99 68.1
45.53 17.04 3.09
81.83 23.23 26.65
14.18 97.07 69.89
49.36 55.41 80.71
75.73 50.4 10.56
45.07 19.43 59.59
77.69 52.6 84.42
6.09 33.53 23.09
33.38 60.98 1.94
24.91 47.89 0.19
29.35 17.01 15.79
81.03 11.36 61.4
94.39 46.53 33.09
64 9.31 27.76
69.39 94.03 73.79
7.34 56.53 7.62
82.24 77.74 60.13
82.8 45.93 11.26
10.67 83.81 52.05
2.76 82.29 18.8
82.2 37.87 30.88
13.37 20.38 22.8
33.17 76.66 35.79
79.25 42.96 31.34
89.25 25.41 67.57
61.14 80.59 0.17
8.6 99.87 18.16
51.47 8.31 79.93
52.59 9.3 34.97
53.47 54.32 17.89
31.69 44.43 70.71
24.43 57.42 32.11
60.99 2.26 70.7
13.76 43.18 47.11
14.1 80.77 18.91
36.78 27 60.51
14.92 9.77 16.76
81.44 2.61 57.82
28.39 69.02 0.48
10.84 18.02 6.86
42.35 37.19 50.37
27.64 96.39 48.29
91.79 45.17 76.1
58.23 17.12 91.98
12.96 59.8 71.72
35.58 65.73 18.26
71.12 31.43 96.22
21.34 41.26 8.89
64.8 97.34 83.66
35.92 41.69 24.62
81.66 15.75 82.78
87.28 84.98 38.12
70.53 2.15 71.65
21.42 96.36 53.01
39.74 63.72 25.21
14.35 78.94 16
50.91 22.1 69.76
90.93 27.61 90.48
97.22 63.41 36.82
66.45 73.08 99.57
28.92 91.34 30.31
21.16 34.41 46.01
56.24 95.62 5.03
4.5 17.24 71.34
16.87 72.46 7.58
86.83 32.97 22.86
81.43 56.2 43.17
79.42 66.85 89.17
85.17 87.82 65.35
12.44 87.53 68.09
52.72 84.39 98.59
66.77 50.9 61.11
48.2 70.1 31.26
53.02 50.87 22.78
14.41 47.02 80.29
81.28 8.4 52.26
0.64 84.75 90.47
14.97 75.72 17.18
80.38 9.43 56.34
16.02 81.26 48.06
22.63 56.43 69.71
20.22 87.72 66.34
23.7 59.84 67.28
12.1 51.24 24.01
48.91 94.82 31.55
80.53 66.04 95.39
4.05 28.74 93.26
86.83 44.55 48.07
1.58 96.57 19.4
40.44 1.52 20.42
73.82 3.95 67.62
81.46 0.6 70
34.01 75.91 56.13
21.58 99.23 31.15
76.11 0.02 79.09
1.2 47.31 34.83
45.74 81.93 2.77
73.46 76.51 30.94
3.11 97.5 82.92
91.6 50.07 4.03
9.43 33.74 71.44
10.76 95.56 99.76
85.32 29.83 86.49
13.3 21.23 9.13
43.82 82.19 67.55
33.29 21.96 26.78
50.57 52.89 83.13
3.84 59.19 49.06
72.07 6.28 25.1
29.91 29.43 65.88
29.58 55.17 7.83
3.76 95.8 68.41
60.92 36.03 20.9
1.22 94.84 11.4
74.61 92.97 65.3
71.39 61.31 81.51
14.07 26.85 40.44
19.26 6.47 58.34
29.72 95.94 57.63
89.4 35.09 81.21
15.25 23.47 16.89
54.24 86.73 10.23
51.12 18.4 65.69
76.93 95.43 46.5
9.37 18.13 54.43
2.15 75.41 11.47
84.2 80.11 64.96
88.69 26.29 60.1
63.83 10.77 17.15
15.31 39.17 71.92
40.2 84.28 6.72
2.69 62.01 94.78
30.51 3.3 51.91
99.23 76.37 49.56
26.43 78.06 64.1
68.77 64.44 90.34
95.05 10.99 64.78
25.33 95.5 69.98
27.71 26.21 67.77
77.7 70.69 13.8
51.02 32.78 13.14
85.93 62.3 10.04
72.06 48.07 68.87
92.82 22.87 18.65
51.59 59.92 94.77
96.78 21.34 13.64
18.65 52.82 64.93
2.02 5.68 1.89
99.53 60.4 74.55
82.32 67.65 82.24
13.61 31.17 28.15
38.31 81.51 29.9
4.97 3.18 17.51
1.54 87.47 3.67
98.97 81.39 14.47
92.91 10.78 8.98
16.37 7.37 58.25
81.83 17.92 95.53
55.94 61.56 26.89
92.34 79.21 90.1
15.71 43.37 60.24
67.99 16.87 97.55
55.48 84.62 22.16
1.73 25.97 37.34
0.33 20.41 97.72
6.08 7.97 29.23
31.17 98.75 23.51
58.05 17.73 38.9
51.4 81.37 11.01
27.61 11.1 30.21
19.68 8.2 17.95
58.91 9.69 47.21
8.77 51.53 66.17
77.02 48.83 10.39
60.72 81.5 77.43
70.31 74.57 8.32
11.85 56.18 86.75
10.96 62.37 22.72
14.12 54.83 54.88
45.2 12.73 73.41
3.29 36.49 56.52
36.85 27.89 22.55
24.46 80.27 79.15
84.03 16.53 14.08
29.06 68.12 97.51
10.07 17.11 68.03
22.87 28.35 25.71
56.86 99.35 51.3
8.53 56.5 74.71
29.68 10.04 51.58
32.37 5.43 48.96
5.66 32.86 45.57
18.89 34.53 68.76
11.74 59.28 66.15
30.49 16.67 54.45
65.1 20.1 32.27
18.32 87.87 63.19
92.66 69 93.28
47.94 47.84 21.28
74.19 9.34 32.83
63.04 88.61 4.58
35.59 55.88 19.55
2.06 0.84 73.43
18.61 25.57 91.61
53.39 28.7 86.84
2.64 81.08 42.68
69.38 18.09 36.02
46.88 9.37 52.36
42.58 23.27 2.51
72.5 32.86 50.26
93.44 2.91 52.2
67.87 21.12 8.93
26.21 47.38 10.75
38.43 21.52 49.75
79.61 75.32 77.1
45.2 74.63 31.42
29.51 10.37 4.95
87.62 8.85 49.46
57.8 27.86 22.54
38.93 7.16 91.92
3.84 1.92 85.02
47.85 35.68 35.21
37.09 31.3 52.04
56.41 5.1 8.01
2.26 26.42 61.99
51.43 91.28 76.53
20.81 59.41 40.14
39.62 88.16 21.73
20.72 59.68 59.76
81.14 21.77 0.48
80.02 88.91 6.12
61.42 96.95 72.51
8.44 4.63 9.4
58.61 64.47 62.89
69.19 39.26 29.99
98.31 50.24 13.95
40.49 98.6 7.23
39.97 90.17 70.03
99.1 89.78 39.26
12.04 87.5 71.18
45.29 47.05 57.99
24.02 84.6 20.65
63.08 23.39 85.29
41.33 24.35 35.26
67.6 8.82 80.36
20.43 55.81 21.66
23.64 17.67 25.29
19.34 81.33 40.39
4.32 20.08 36.56
28.18 88.04 17.64
85.1 53.9 18
41.28 7.39 18.61
12.46 31.24 16.76
43.93 17.81 17.07
76.27 83.42 76.86
68.2 87.84 19.75
23.02 93.19 52.5
22.84 46.88 89.4
0.78 24.9 16.44
4.08 84.15 72.51
63.63 41.05 45.27
71.44 1.56 52.37
13.25 44.13 46.6
70.54 56.96 19.16
77.45 99.44 44.27
58.36 25.28 2.38
89.45 36.34 11.68
43.86 8.9 22.8
34.79 74.44 78.15
54.7 80.19 98.28
61.15 25.43 46.27
23.47 60.26 45.98
5.19 45.35 7.02
60.48 16.85 64.86
20.56 58.76 27.82
79.58 53.88 48.48
84.96 87.77 54.88
4.69 4.77 55.82
11.34 61.02 2.2
99.82 91.59 32.6
96.78 64.05 16.27
5.74 16.84 21.14
87.91 85.91 19.52
36.48 94.22 33.05
36.73 10.93 71.63
58.65 96.98 55.15
21.65 47.62 28.61
15.81 2.44 17.83
11.32 79.41 80.03
97.07 7.6 5.96
74.15 30.67 21.18
80.01 16.95 9.99
67.59 60.69 68.61
24.28 82.7 93.18
26.76 32.61 20.39
20.51 39.85 94.76
77.51 75.03 65.91
10.43 29.59 65.3
49.98 93.44 70.92
71.49 26.28 40.65
48.52 48.28 24.46
17.95 11.21 9.92
32.4 23.22 8.34
73.1 80.68 35.72
52.75 6.42 30.64
90.78 65.69 65.04
92.83 1.56 9.47
56.28 79.05 41.62
17.26 2.4 53.25
63.13 4.63 12.46
90.78 17.59 95.42
14.23 23.73 5.09
61.53 7.16 50.54
52.87 32.62 32.03
12.69 91.83 24.46
1.4 33.63 89.23
43.42 3.31 97.69
93.53 97.44 22.49
72.2 34.4 4.66
52.95 33.62 10.8
8.68 61.62 77.64
48.45 47.11 89.33
63.4 99.68 3.57
93.23 61.04 94.87
45.32 26.21 8.08
78.14 84.79 43.79
26.85 25.81 80.38
64.54 70.18 71.39
55.09 48.45 85.92
59.72 77.79 40.86
39.64 34.32 60.75
1.76 48.04 97.64
58.4 35.74 45.14
78.6 71.65 40.87
72.31 22.89 41.22
76.35 3.56 60.15
85.18 5.85 30.85
20.75 59.37 54.55
25.59 60.51 71.29
60.17 24.12 77.02
50.97 94.38 13.16
0.78 13.72 66.87
81.9 51.95 12.4
13.7 53.2 60.34
53.84 73.98 39.15
26.77 81.86 45.91
35.38 61.97 96.91
11 12.6 82.77
91.52 77.27 17.12
27.85 71.74 51.81
47.85 68.14 22.2
56.79 95.54 29.64
29.59 14.48 5.55
86.66 20.54 15.44
65.09 88.01 13.44
95.36 73.47 91.07
1.71 41.03 88.41
32.29 55.74 78.53
57.77 26.03 88.57
23.98 63.56 9.63
1.95 79.45 9.18
3.41 62.44 14.09
49.09 98.89 17.89
53.31 47.07 54.81
77.96 75.93 57.86
18.65 78.2 3.67
22.87 16.52 35.89
44.53 19.38 16.81
89.59 6.6 9.17
97.82 18.29 90.28
10.91 66.75 44.24
67.32 6.6 58.58
81.69 11.96 63.34
11.17 24.92 26.32
25.57 97.93 25.05
17.49 74.14 61.62
12.68 76.42 36.72
53.92 3.19 64.95
5.97 75.12 18.55
44.56 45.28 23.17
4.44 97.52 98.46
46.32 28.45 18.56
95.7 70.22 79.88
55.75 21.08 66.09
44.53 61.58 89.62
79.94 13.57 22.12
94.5 84.85 28.96
42.32 93.82 42.53
6.11 15.17 53.05
91.46 27.16 20.67
1.69 15.6 99.11
99.07 92.69 47.78
21.22 59.79 67.77
97.27 23.63 21.23
4.64 77.16 79.69
4.47 6.49 53.22
68.24 86.86 54.37
8.57 3.6 53.62
36.32 27.09 37.04
23.13 31.1 64
92.15 31.31 32.72
66.4 55 7.97
97.99 12.18 53.67
96.54 71.2 42.55
24.88 71.52 17.29
10.22 53.18 13.13
45.23 3.31 25.14
51.47 27.12 49.99
49.97 13.76 35.83
30.07 55.1 87.14
93.17 15.53 82.41
79.45 66.79 99.96
80.85 7.66 56.69
22.15 4.45 57.85
73.13 31.26 6.89
1.74 17.2 17.36
79.97 79.97 38.24
93.48 65.63 15.38
96.35 84.85 56.61
5.06 54.98 62.44
20.05 82.15 74.86
38.13 31.28 91.57
23.31 18.44 13.68
41.26 93.67 57.3
88.98 23.95 87.05
49.38 10.56 77.41
45.09 75.29 39.51
93.23 2.71 20.14
82.43 37.72 28.21
96.61 21.21 33.35
58.18 85.22 64.62
53.53 77.36 65.49
19.66 45.35 6.55
67.85 46.55 39.25
71.71 94.17 14.87
26.3 0.58 43.73
43.47 23.72 79.59
2.33 3.39 20.03
19.2 40.47 41.22
48.01 54.47 27.27
33.62 28 83.91
47.95 60.55 61.68
12.12 28.24 82.18
69.67 84.08 61.22
73.13 74.82 8.52
50.95 9.57 19.84
75.4 11.18 58.52
25.56 37.26 13.77
63.04 23.32 97.72
89.45 91.36 7.77
34.08 43.46 31.18
97.26 89.36 77.91
97.21 98.99 17.78
98.62 84.03 44.6
97.61 55.43 70.78
53.18 59.68 42.73
37.3 38.42 19.58
9.42 92.26 93.58
17.23 94.16 19.04
0.31 39.31 35.16
82.86 21.23 91.61
81.1 60.39 0.55
33.49 35.49 3
0.6 26.25 18.16
99.55 1.43 90.56
57.45 62.14 22.25
18.72 98.57 82.16
94.76 87.61 29.24
81.89 59.68 1.18
97.34 19.46 16.36
46.76 78.78 21.7
52.33 89.53 73.07
87.55 93.15 93.99
14.21 79.29 16.65
52.01 80.69 67.53
67.28 25.09 7.34
8.88 17.31 61.71
72.13 92.69 42.06
8.05 66.88 20.61
9.22 36.39 18.76
76.86 15.71 69.28
99.29 14.54 7.69
17.53 66.17 43.48
64.6 50.3 13.03
83.42 1.63 19.79
66.29 74.29 3.51
9.77 33.69 73.34
60.99 74.98 14.08
81.95 67.75 83.53
24.03 29.94 31.9
52.68 78.49 68.28
93.8 30.14 91.81
79.36 81.32 3.21
4.17 78.8 72.56
72.89 91.72 1.09
35.78 64.55 52
42.95 11.95 54.92
87.43 90.79 90.99
27.4 33.59 10.49
82.8 35.41 35.47
32.04 32.42 34.8
10.53 18.28 69.58
99.03 46.16 51.78
99.22 67.44 55.47
8.65 53.61 89.37
60.11 46.28 75.98
31.48 84.15 16.47
84.06 44.93 8.02
80.2 4.65 53.46
75.24 47.99 49.38
86.82 96.82 60.43
58.23 88.41 1.2
32.86 13.23 19.71
23.72 34.1 30.1
2.94 47.01 12.62
95.49 90.7 16.52
89.01 77.19 48.35
78.33 74.61 96.38
27.57 40.33 44.19
69.74 70.19 86.78
11.64 80.83 79.6
53.76 21.59 61.09
46.39 23.07 93.22
1.45 54.65 52.89
46.26 13.1 23.41
85.77 17.83 9.48
97.27 37.04 27.59
26.36 80.83 47.11
16.97 87.4 35.4
7 3.01 58.34
4.88 23.66 55.46
14.03 57.34 12.76
78 90.84 79.56
45.65 17.36 79.13
68.1 78.21 91.85
36.28 97.38 92.62
5.16 85.76 48.2
58.53 33.29 97.82
4.85 44.63 7.63
91.44 64.32 46.84
43.62 12.92 67.37
27.55 53.28 9.4
10.05 41.1 92.79
1.64 41.25 35.43
70.8 70.03 98.37
77.38 30.46 85.81
3.68 85.41 13.73
38 84.38 23.34
16.45 8.61 6.57
22.04 30.52 21.7
12.04 48.72 70.59
7.98 5.41 64.77
43.42 89.24 46.45
83.82 12.74 45.72
22.77 28.15 0.51
21.42 47.15 78.15
50.03 35.21 59.01
23.57 36.42 58.75
10.05 51.52 60.34
90.81 82.38 99.71
6.34 14.89 22.62
34.65 99.82 88.38
4.68 43.24 56.36
88.68 4.68 63.73
12.98 79.65 25.61
1.19 0.95 87.16
0.91 96.77 11.43
45.35 34.97 63.5
13.63 8.74 41.92
79.33 76.56 80.82
83.56 11.98 3.34
31.27 14.23 32.05
47.88 31.01 5.76
40.17 14.75 49.4
13.97 19.78 69.28
2.71 61.56 56.55
58.77 16.91 37.18
27.23 86.9 36.81
96.45 58.56 22.56
10.61 4.72 65.4
60.39 13.11 82.37
73.16 71.21 65.3
23.74 56.86 59.66
55.47 59.43 29.71
78.01 91.96 5.26
41.01 13.38 1.54
24.92 10.13 25.1
83.88 7.55 24.33
21.64 0.53 7.85
76.04 60.26 27.48
80.28 56.86 52.39
26.49 22.86 56.13
62.49 24.27 17.47
2.76 63.71 41.04
82.09 27.63 53.11
5.08 55.92 77.27
5.38 50.14 47.93
47.15 43.2 95.51
82.35 20.63 72.21
31.8 82.2 80.17
15.91 1.34 41.49
6.25 32.16 57.84
97.78 13.78 38.88
5.05 80.48 41.17
33.86 9.71 45.03
46.63 11.5 11.71
17.38 11.51 33.67
65.22 73.08 5.13
20.85 27.39 61.34
9.5 40.46 23.98
4.39 32.15 15.52
8.44 18.35 99.28
52.27 48.36 27.02
57.54 81.89 45.02
16.51 32.03 83.01
15.5 57.44 41.05
16.76 75.31 59.81
76.77 70.33 95.52
97.73 80.13 13.32
61.7 62.99 62.05
11.89 2.43 52.57
34.79 32.62 37.83
76.53 99.36 21.26
81.97 13.09 51.17
9.83 88.08 86.44
40.69 69.31 10.47
38.77 17.53 69.3
21.22 82.8 94.58
32.71 4.78 12.51
48.25 29.64 48.74
79.87 37.89 28.03
79.87 15.15 60.16
5.19 85.09 38.83
3.07 48.34 57.63
51.73 27.71 88.56
1.68 14.52 65.64
34.6 95.67 63.34
13.57 89.37 70.64
49.32 91.88 49.55
99.49 35.27 99.48
37.11 45.4 23.25
46.68 3.37 11.73
7.72 49.62 8.05
24.7 46.78 95.44
98.72 6.29 93.58
34.13 20.71 76.78
26.75 83.11 49.03
25.58 26.42 74.39
89.36 68.31 7.12
28.78 77.88 45.8
77.12 93.11 29.08
59.76 33.86 86.6
36.05 13.14 39.17
69.18 35.82 27
15.98 11.59 21.26
1.64 99.53 69.7
1.08 10.9 23.2
30.14 11.1 31.31
95.14 59.11 73.82
10.14 11.97 70.77
20.02 69.57 4.07
85.37 1.79 23.42
71.13 5.89 24.89
14.26 28.62 98.75
3 41.17 80.74
19.77 82.45 60.08
68.38 47.63 44.31
97.4 22.67 49.21
19.92 14.4 57.57
96.11 84.13 98.6
4.43 88.83 45.01
94.7 64.67 74.1
32.92 19.17 40.91
41.25 52.35 87.97
50.06 15.21 60.86
12.27 77.15 21.33
15.5 74.65 81.48
50.39 1.84 8.51
73.42 15.93 13.66
36.03 56.68 55.41
9.16 4.34 43.77
87.03 67.17 21.76
0.78 54.1 75.35
53.35 23.12 7.18
73.89 83.79 15.41
37.05 25.16 19.56
15.37 50.75 98.88
36.46 58.12 85.1
44.95 12.32 87.02
11.33 20.38 0.13
73.34 87 46.91
4.56 35.68 30.25
56.82 21.71 9.09
89.46 18.76 38.82
71.75 78.96 0.93
49.31 46.85 7.38
59.18 38.16 96.59
47.96 94.74 96.33
0.13 72.8 9.4
11.15 4.54 49.58
34.89 14.94 71
71.77 70.58 99.98
32.23 88.82 40.29
80.55 24.26 13.53
72.67 84.31 59.52
81.93 28.61 19.5
4.43 83.24 90.67
39.05 51.45 13.66
38.22 20.08 91.92
3.82 23.11 75.48
13.4 77.95 97.27
86.77 51.02 70.59
62.48 14.83 14.95
83.13 16.84 16.28
8.13 1.28 55.73
77.41 88.61 57.63
97.32 89 75.46
46.31 84.22 55.1
57 71 48.11
33.24 11.17 20.79
78.49 54.67 47.44
21.48 3.61 53.96
69.63 58.26 97.12
79.93 1.03 49.75
97.12 17.29 43.49
52.29 34.08 1.58
52.19 25.33 58.82
67.49 12.8 19.88
51.88 59.66 81.32
86.91 99.21 76.37
90.43 80.28 87.76
21.59 14.59 21.37
5.97 69.85 48.68
34.22 96.47 94.22
20.16 2.98 92.42
48.63 40.35 7.79
66.05 74.48 45.25
82.08 65.51 52.01
34.93 24.18 70.22
60.34 49.6 50.77
39.28 32.74 44.82
52.75 27.65 55.7
41.49 13.55 12.44
30.53 20.24 84.16
91.66 63.23 10.01
90.28 14.64 28.78
1.98 5.91 46.77
54.29 81.45 41.07
25.79 54.63 32.18
93.38 80.28 5.22
5.77 40.41 99.76
89.97 55.08 16.38
39.37 4.58 84.21
50.09 48.71 36.4
98.96 73.75 33.65
43.68 93.07 92.21
87.08 52.86 31.19
98.75 18.86 33.39
76.23 37.9 21.02
74.81 43.51 86.26
15.26 31.98 12.46
39.12 12.73 33.72
84.46 7.89 11.62
22.4 89.88 88.51
34.85 58.26 82.03
27.24 65.56 88.12
82.86 39.39 5.96
86.39 51.74 63.02
34.1 27.7 91.44
24.33 16.24 99.33
7.39 30.92 0.52
91.09 61.76 35.61
66.27 54 6.51
60.94 42.26 86.84
7.37 64.1 8.53
54.26 32.26 48.85
95 55.69 66.97
6.32 95.86 26.88
14.58 17.04 64.07
49 7.64 74.53
32.49 30.04 55.58
24.72 25.91 39.6
64.47 51.72 76.78
11.21 4.96 33.87
76.64 99.09 4.29
72.92 91.13 42.26
22.69 29.08 21.71
73.65 7.09 89.88
65.01 14.59 8.6
3.77 0.23 15.6
62.5 78.81 19.13
56.13 74.74 6.6
28.77 85.76 77.78
42.41 61.31 25.43
73.84 98.91 69.23
66.92 5.35 44.2
32.32 82.8 81.23
83.05 9.95 3.53
83.61 47.73 22.29
4.78 32.91 7.78
70.81 97.01 29.38
5.25 70.81 81.86
89.41 12.5 83.28
88.99 60.65 40.41
48.24 4.09 17.37
97.59 49.73 21.62
70.96 84.87 10.1
68.45 1.4 67.46
71.46 30.37 78.7
70.69 32.57 84.74
24.55 27.55 96.21
58.6 11.1 27.38
21.19 71.13 6.71
75.3 0.38 4.57
18.45 39.23 38.94
69.69 50.03 23.74
84.61 62.61 63.28
62.71 30.78 89.85
31.61 8.33 27.14
7.37 20.92 27.31
61.39 56.79 47.78
86.18 88.99 72.29
12.2 51.83 32.29
2.91 71.69 41.78
66.25 22.04 75.26
65.51 90.78 59.73
96.56 2.08 4.83
78.93 73.9 50.91
29.02 41.95 85.86
83.98 45.37 77.32
85.22 46.96 30.26
93.64 87.78 31.45
53.87 78.15 0.6
46.04 11.37 43.52
11.94 55.72 76.16
99.06 56.91 23.66
89.42 71.42 91.89
92.7 61.19 0.12
30.11 55.8 23.14
34.77 33.03 3.59
3.69 68.15 20.64
92.1 16.7 72.34
29.27 69.67 60.04
50.52 45.99 55.22
4.77 2 93
57.84 0.59 44.53
63.33 6.55 48.88
44.67 81.24 14.22
68.97 6.88 16.3
89.13 32.08 48.69
7.58 56.38 27.13
97.39 50.31 3
71.2 84.98 50.26
87.17 68.89 31.86
92.12 57.68 4.07
19.39 62.92 30.44
63.77 1.55 85.48
29.46 11.46 51.42
92.37 82.27 35.61
14.19 63.28 68.1
75.45 40.76 26.58
73.14 5.21 50.7
16.07 52.99 27.9
94.02 11.31 56.49
33.91 98.9 29.16
64.86 39.93 79.44
7.72 52.82 20.52
53.72 71.43 51.52
3.18 6.29 18.64
81.7 60.71 49.79
20.56 98.39 28.85
66.1 89.61 53.96
47.29 64.96 33.83
48.57 76.97 38.58
55.53 74.86 0.79
96.52 21.35 65.97
60.58 53.29 23.64
18.17 79.39 63.54
4.94 26.56 22.99
11.3 8.27 94.37
8.35 31.05 84.07
8.09 79.24 11.82
61.87 40.51 44.17
55.95 93.6 57.01
53.85 55.88 91.65
81.05 7.37 48.48
51.64 66.36 25.62
99.4 61.79 99.7
24.14 0.04 82.26
24.58 25.85 83.47
19.77 71.39 34.77
15.8 6.84 69.11
3.51 35.46 35.77
26.79 17.21 62.93
59.45 95.67 33.03
42.78 55.58 10.84
0.61 29.74 4.76
66.11 95.28 35.94
11.22 29.15 3.01
0.41 7.63 21.02
22.72 99.52 77.2
5.48 16.06 68.46
5.28 75.77 45.24
98.84 24.67 93.04
13.85 76.39 14.19
42.72 61.93 11.22
48.85 69.26 75
66.45 11.82 9.15
85.82 79.14 26.57
62.95 1.04 53.06
14.72 69.09 25.2
51.23 87.21 86.33
65.08 49.25 69.87
83.2 21 6.53
69.12 44.15 12.09
38.01 14.7 81.75
44.01 5.1 10.89
2.95 44.84 8.3
50.35 89.46 14.11
49.58 17.35 26.75
23.12 80.63 38.98
10.46 28.57 45.38
11.31 45.21 59.21
97.3 92.84 79.63
48 78.13 19.93
26.59 71.37 12.99
91.93 29.48 83.33
11.06 36.03 83.2
33.59 28.49 99.63
34.19 8.39 10.52
75.64 43.21 93.95
46.24 79.2 9.22
73.39 48.47 4.3
38.04 50.99 30.61
12.84 3.38 54.79
20.6 65.82 83.81
98.65 73.09 95.57
63.44 39.99 86.16
28.82 95.2 84.51
62.14 2.29 3.55
42.19 12.61 59.14
48.88 75.06 19.56
91.31 73.28 39.26
42 48.2 62.35
2.12 35.34 87.22
36.62 70.56 0.57
33.42 0.83 10.02
58.22 4.73 83.54
30.05 36.39 31.75
21.11 33.06 29.49
85.77 63.24 72.69
66.17 8.06 4.96
92.46 21.48 22.27
32.96 78.74 22.54
45.95 57.25 38.74
4.2 75.11 11.58
52.85 27.42 76.57
87.35 24.42 14.88
17.26 5.86 97.93
65.82 69.86 12.38
79.15 40.37 40.88
12.05 57.74 24.24
0.59 86.58 19.65
41.05 65.43 7.06
72.71 74 72.35
86.5 89.91 81.13
82.03 38.26 87.49
70.17 14.72 39.29
42.27 13.05 49.71
24.25 88.66 65.9
33.78 17.4 14.85
72.8 60.18 9.58
11.18 54.89 42.06
21.17 66.97 56.89
71.27 19.83 58.06
40 23.17 83.15
10.74 5.87 59.88
15.15 16.32 40.59
5.23 4.87 56.11
46.26 48.09 65.66
3.28 87.75 41.36
26.17 24.42 83.64
10.3 37.84 2.86
58.22 86.5 22.41
64.56 32.76 53.64
73.26 27.65 6.84
76.73 94.15 86.91
24.75 62.37 1.51
81.82 10.11 32.65
1.63 6.04 14.58
77.11 62.49 98.83
97.53 76.03 97.97
28.89 25.62 48.93
22.66 3.24 77.01
32.05 28.63 79.4
22.04 0.46 30.15
47.34 48.21 38.54
91.1 57.86 79.93
34.2 51.37 82.47
65.23 47.15 33.33
96.61 13.95 75.58
7.94 32.99 76.43
3.8 16.73 52.18
58.01 90.87 84.6
38.82 13.75 53.19
75.1 25.95 18.55
1.4 86.43 94.31
25.15 62.76 87.2
65.91 92.44 49.54
34.86 0.43 79.77
81.44 83.71 41.49
19.15 56.38 72.98
91.76 93.03 28.59
24.92 44.29 63.63
14.27 88.07 36.7
41.32 96.25 83.34
27.83 50.39 92.55
15.77 18.74 86.06
3.09 20.3 62.5
6.86 1.26 27.6
35.46 14.95 33.85
50.47 29.58 28.51
51.1 89.36 17.14
75.55 36.87 0.39
85.78 4.14 26.73
47.54 80.02 64.59
73.15 27.2 56.15
86.1 28.71 80.33
26.77 94.38 51.1
42.15 18.91 18.93
56.33 38.3 26.36
19.31 29.89 72.88
86.55 19.23 93.11
66.61 7.13 22.64
25.36 24.17 38.65
9.39 54.58 10.61
7.89 75.82 33.72
22.1 46.51 56.16
94.11 92.36 52.9
0.9 64.02 1.48
43.22 3.3 0.42
53.44 12.57 11.81
60.69 42.55 57.92
36.67 6.8 75.03
60.37 37.25 28.71
57.3 84.74 15.78
25.9 30.33 87.74
9.95 82.69 25.11
26.67 59.23 36.35
52.57 87.6 99.15
98.55 16.28 91.03
85.81 48.66 20.31
61.85 43.43 99.93
92.67 53.69 60.42
1.38 90.4 3.83
20.44 64.12 2.42
98.06 10.91 59.8
48.21 59.99 89.31
62.69 90.2 61.19
72.82 32.48 11.76
21.99 86.97 32.37
46.15 54.74 32.77
34.89 91.62 70.29
52.48 59.2 70.36
48.34 93.62 21.72
93.92 48.13 77.55
59.02 31.46 44.75
5.9 4.85 55.85
4.07 23.58 54.29
96.03 62.15 25.64
33.62 9.21 30.86
32.6 98.05 3.01
46.6 0.12 67.02
25.54 89.95 19.99
4.99 47.38 36.19
62.89 14.47 55.26
49.2 84.36 51.1
13.29 55.46 63.06
28.32 77.97 17.02
82.12 65.25 7.47
78.43 42.26 9.6
34.29 34.31 63.96
10.71 57.35 15.63
11.92 71.69 68.69
73.57 59.01 24.73
20.14 48.36 73.76
0.34 66.5 2.01
76.29 15.96 30.71
25.32 95.92 71.58
0.1 7.24 77
96.6 14.04 6.43
81.48 4.35 20.19
19.13 24 51.06
87.32 58.41 71.14
4.99 90.13 29.85
52.98 50.03 15.91
91.17 27.59 46.46
8.2 46.78 76.15
11.75 91.17 96.95
69.2 22.38 85.51
39.13 35.35 4.26
19.19 51.68 70.26
80.5 67.16 62.05
70.73 82.39 1.96
8.28 48.9 14.04
75.06 23.53 72.7
61.12 69.66 24.71
32.29 94.03 94.04
7.45 21.77 79.19
43.7 22.13 98.82
42.57 58.29 22.37
43.97 9.76 6.35
39.52 42.11 30.14
91.59 78.81 21.83
5.89 90.32 90.78
5.92 47.71 86.42
19.95 20.96 20.81
30.25 11.92 19.32
2.96 15.47 63.93
66.05 24.61 34.3
27.8 24.22 68.07
47.95 5.68 4.7
61.82 17.53 87.48
26.4 64.07 43
58.14 10.02 49.97
27.67 23.57 88.04
1.29 92.63 40.49
43.29 19.09 15.86
52.57 71.3 62.62
97.05 41.41 93.85
9.21 50.58 22.38
8.35 25.83 89.45
55.39 79.06 74.75
47.03 77.57 31.38
67.16 48.67 0.12
55.38 63.98 69.29
16.51 30.69 16.46
22.88 7.14 0.26
39.25 13.93 10.91
94.4 53.4 68.76
4.15 88.14 87.46
4.77 61.78 76.1
27.62 50.87 49.16
71.29 0.8 3.11
83.93 16.47 70.69
41.33 50.11 65.34
24.49 29.02 43.91
37.48 8.97 84.14
25.58 12.09 74.81
8.84 43.32 45.98
57.47 49.1 17.02
8.52 13.37 23.03
94.08 65.15 93.19
33.42 20.68 72.98
19.41 90.97 72.9
36.95 80.03 69.85
9.48 17.76 18.3
73.03 99.93 63.21
96.34 44.16 74.45
14.06 1.84 26.61
26.06 62.28 75.71
34.3 90.18 12.67
34.21 28.49 4.15
19.74 99.43 43.73
76.6 35.42 3.29
85.07 2.94 54.68
19.26 77.83 90.93
67.1 25.48 81.4
15.53 13.88 59.46
76.14 43.75 28.83
51.31 62.52 27.52
3.05 10.75 98.37
0.51 17.94 52.15
13.53 96.73 62.99
69.61 49.24 79.54
80.29 52.36 56.87
97.03 55 41.89
25.04 24.8 38.25
53.31 31.15 13.83
74.37 8.65 86.4
96.44 94.06 2.81
64.15 97.53 51.59
11.63 31.46 25.53
29.07 34.94 39.86
41.01 86.18 73.42
67.48 20.48 33.59
32.15 19.4 42.6
2.17 20.17 76.67
52.75 98.81 47.01
96.3 37.79 53.07
0.62 86.71 51.48
34.81 80.11 10
88.83 25.4 73.8
46.13 88.04 65.8
32.91 66.09 26.03
14.82 26.94 76.76
74.04 19.4 18.42
27.31 74.61 0.89
45.06 75.68 44.8
93.01 34.31 92.44
94.85 81.91 38.5
21.94 56.15 63.46
55.61 13.9 90.93
82.49 66.78 71.1
22.2 7.58 51.26
64.8 5.32 14.92
48 16.2 60.16
38.43 69.48 87.55
64.82 73.16 64.63
25.84 71.58 35.51
8.6 4.45 84.61
99.37 27.16 42.42
86.05 79.77 56.58
92.9 57.83 59.73
6.48 12.86 45.86
76.57 16.14 60.86
69.18 14.4 73.17
2.69 10.11 17.17
81.58 21 77.14
26.12 90.32 36.34
59.73 55.97 18.1
14.18 71.15 12.09
34.85 59.25 0.46
26.24 65.18 71.71
63.37 0.58 10.59
55.64 94.44 82.28
53.24 65.39 83.14
9.34 13.08 30.85
83.49 14.1 5.83
45.51 40 73.44
63.02 77.18 64.2
43.76 48.97 72.74
10.71 5.59 86.93
33.66 3.95 5.01
84.54 61.29 45.87
16.62 60.14 72.16
87.07 93.93 81.51
14.16 21.84 2.37
24.78 39.19 85.18
47.38 86.64 48.18
29.29 35.35 42.33
96.12 95.97 75.6
97.62 45.18 24.02
99.62 27.47 42.98
40.1 33.3 17.3
97.24 35.81 26.02
93.3 40.59 26.56
23.42 47.12 12.2
52.09 64.31 67.06
88.56 86.77 5.57
23.29 30.07 30.06
0.26 34.24 46.37
66.63 70.92 15.33
21.16 6.98 99.08
74.63 14.67 97.81
87.97 87.05 84.45
28.15 42.78 39.27
44.52 88.65 70.04
17.18 6.15 15.87
72.5 89.77 72.98
5.16 9.22 97.61
72.22 74.87 7.77
74.2 69.6 43.78
81.18 74.33 15.02
9.29 70.75 92.99
36.96 21.94 88.63
89.24 41.71 65.38
59.78 84.36 28.35
5.12 20.43 58.34
94.98 81.28 55.51
72.18 19.56 85.55
49.31 57.04 41.9
33.08 4.04 88.68
85.26 23.34 28.2
74.07 71.96 55.81
4.96 93.48 75.85
41.07 42.23 67.94
12.46 99.08 21.1
22.9 86.57 8.35
20.9 2.84 8.52
46.94 37.74 12.3
43.91 84.48 48.78
31.59 31.03 93.89
31.06 5.93 18.22
57.23 93.51 96.54
44.84 35.92 43.22
61.17 85.82 84.38
15.43 94.44 9.43
73.02 66.65 61.68
2.13 42.12 15.87
65.47 84.29 20.63
50.14 54.53 56.33
31.48 73.32 89.18
45.45 10.99 9.72
45.23 54.16 70.34
45.99 17.03 72.8
3.44 22.91 55.16
43.76 54.05 17.57
50.26 14.61 78.49
70.61 70.86 35.75
23.14 26.36 26.63
73.74 29.93 47.21
45.02 83.32 12.07
20.61 52.6 15.65
2.52 29.07 82.97
11.88 71.21 69.56
93.37 19.6 4.39
15.61 8.65 70.39
18.95 17.7 54.83
79.29 15.87 75.28
22.38 36.64 96.44
71.5 93.94 97.58
11.58 79.25 48.66
56.8 12.41 58.72
10.26 13.7 6.5
40.05 86.59 32.59
24.41 7.81 38.29
90.58 76.92 33.41
18.21 36.49 65.56
55.26 37.83 96.33
5.42 1.87 6.86
76.39 90.76 74.73
40.57 18.13 5.17
30.83 59.76 14.12
74.67 15.42 33.12
80.96 80.75 61.78
97.62 29 39.79
74.75 30.11 60.4
51.35 50.31 65.19
18.32 64.04 46.33
11.52 55.59 87.2
22.77 16.7 15.08
35.45 57.57 22.31
77.72 31.74 10.03
8.33 98.08 24.67
5.84 2.36 83.44
36.89 19.96 31.66
8.55 93.89 16.39
57.38 0.65 22.48
8.47 22.01 52.91
12.87 5.07 53.71
43.86 10.43 61.6
90.71 45.91 88.19
45.85 60.49 77.22
59.85 93.09 36.84
12.28 61.23 87.8
9.45 1.05 17.07
80.73 78.38 94.85
80.89 93.75 91.22
24.54 49.58 1.25
7.44 10.43 38.85
5.31 41.79 89.55
71.82 65.46 14.09
39.85 62.66 35.83
3.7 14.47 22.54
18.16 95.78 38.09
11.45 51.14 28.37
10.67 72.56 99.87
18.51 33.89 50.93
82.91 13.01 42.22
67.16 0.88 14.39
11.11 52.46 8.26
1.73 90.33 4.88
32.68 18.43 28.65
0.86 55.73 38.4
11.95 17.33 63.9
20.43 73.02 86.15
56.12 26.41 30.78
46.82 73.6 34.53
15.51 65.55 19.65
42.01 33.13 91.11
3.13 65.15 91.35
9.46 17.84 59.08
40.84 90.67 40.46
92.45 21.84 73.12
4.2 16.67 6.07
33.9 70.85 9.42
9.31 69.08 94.96
70.36 4.51 75.44
77.04 10.67 24.28
31.54 82.43 80.06
45.99 57.2 82.64
17.75 65.31 49.29
42.29 77.26 49.65
91.66 89.52 32.89
62.05 78.06 84.2
17.81 57.86 81.77
20.06 90.83 27.68
55.35 74.96 20.31
88.89 58.5 36.53
22.21 33.23 11.69
9.42 39.25 71.13
21.03 9.89 14.97
24.92 39.71 15.61
85.31 5.31 45.53
4.09 93.57 52.72
70.33 69.08 58.99
42.29 7.26 99.12
11.47 41.98 13.06
18.42 91.21 65.61
15.92 29.58 18.52
76.2 52.5 26.14
69.57 23.5 75
34.24 7.61 78.25
32.17 20.75 39.49
27.26 82.12 87.31
2.41 2.73 5.21
91.9 95.36 31.26
76.54 19.17 19.9
43.8 93.96 62.71
63.63 57.94 4.42
57.22 78.4 9.44
45.72 28.51 75.91
31.98 3.68 83.92
86.64 55.78 23.37
66.45 61.61 42.62
12.71 93.48 50.7
26.41 21.67 28.4
36.89 65.99 20.23
70.19 55.72 13.23
95.09 77.18 73
86.12 28.24 27.06
16.32 5.33 22.15
44.45 28.75 77.78
11.45 55.35 51.02
4.16 66.05 21.09
56.09 37.08 51.46
72.77 86.83 43.51
31.61 14.03 86.89
12.32 61.14 38.04
60.27 80.42 52.53
73.93 92.69 84.31
56.11 14.86 3.89
14.06 57.87 89.23
8.8 28.33 39.52
51.47 29.14 92.42
24.27 85.08 37.57
76.31 21.66 9.58
77.93 34.59 30.65
43.91 75.82 94.63
14.24 87.42 49.02
36.33 75.32 52.38
6.3 11.32 65.85
75.26 31.42 91.2
12.64 20.87 23.99
48.03 21.26 98.77
23.49 5.76 7.41
29.21 58.61 12.23
66.41 56.46 65.2
13.34 42.7 11.24
99.76 17.34 58.96
6.57 83.79 5.04
0.82 27.02 79.98
95.22 38.19 14.09
63.32 53.17 74.54
57.03 75.51 25.93
37.54 2.61 55.26
7.15 8.49 11.66
54.32 66.05 93.32
72.55 8.55 43.51
19.99 85.85 82
98.77 66.89 90.31
45.15 88.4 77.75
44.33 17.82 5.7
62.98 16.08 38.06
94.12 59.97 58.12
74.81 64.98 78.35
36.5 92.06 92.66
21.21 50.25 70.06
11.28 2.16 85.11
41.99 77.34 15.42
63.35 66.78 54.18
1.81 1.59 43.09
21.36 0.12 48.87
34.13 37.06 22.2
34.12 85.18 96.69
85.98 16.53 88.2
37.42 25.87 8.21
30.92 36.13 95.24
5.55 33.76 35.37
84.83 55.67 28.95
72.51 37.86 15.98
53.21 40.47 91.95
9.92 6.33 27.37
45.59 89.51 25.8
25.24 90.02 55.31
91.29 93.61 53.27
39.72 19.93 12.46
82.09 49.03 59.93
99.89 8.58 97.8
66.62 22.7 97.75
13.91 96.24 19.83
7.55 86.38 22.98
39.15 85.38 8.35
10.01 24.57 92.49
57.87 27.62 20.07
32.77 62.61 6.41
78.39 18.57 5.51
12.16 56.25 13.49
13.74 68.93 24
95.23 62.28 17.03
43.93 89.46 23.75
0.1 60.17 34.65
4.55 95.68 45.67
94.68 13.44 30.98
2.66 75.15 60.57
84.64 23.72 8.92
90.2 37.66 49.99
56.21 96.07 34.24
21.19 78.7 8.34
94.15 81.69 89.83
21.63 99 5.05
0.7 44.94 87.8
50.58 68.36 60.17
1.16 52.42 96.88
48.31 64.87 73.72
56.19 36.26 24.46
7.62 13.74 95.74
55.51 68.18 34.89
36.28 76.5 39.68
28.54 17.73 18.23
79.25 55.34 13.52
81.4 15.27 92.02
33.1 8.38 53.53
58.52 85.63 79.5
48.76 88.86 4.23
9.02 55.25 54.27
93.98 12.59 84.81
17.73 71.17 59.89
42.79 13.27 38.38
28.77 58.05 50.6
94.93 70.23 28.46
38.4 90.68 71.04
63.78 5.42 5.73
12.65 81.58 10.97
73.02 8.69 37.97
4.3 6.73 51.83
80.95 88.65 2.44
69.44 37.62 45.12
48.87 97.12 99.82
89.02 1.96 74.18
64.21 80.01 54.92
8.61 74.19 86.29
10.15 84.95 81.38
85.77 48.52 14.77
35.77 32.19 57.14
93.93 47.98 24.4
49.49 38.83 34.58
34.63 90.06 8.68
17.64 50.71 67.8
4.54 60 32.77
14 78.4 70.73
88.67 80.8 55.21
94.44 74.61 27.05
50.42 68.16 87.09
98.34 30.65 50.27
84.66 4.79 6.03
75.98 94.85 32.75
78.9 33 23.48
55.62 98.88 1.11
70.74 18.14 4.34
15.56 71.18 4.16
89.68 31.76 68.35
6.9 89 44.98
34.96 28.5 32.65
65.78 55.53 43.29
5.66 9.31 59.18
53.16 53.71 33.1
98.11 52.59 82.67
26.23 31.76 57.61
18.83 50.51 33.61
13.56 54.34 53.46
59.2 89.49 94.17
26.1 75.29 18.73
52.29 42.36 99.59
72.01 24.03 68.27
57.09 50.31 20.83
13.3 74.88 71.47
0.56 82.76 36.51
11.65 34.87 97.38
75.07 41.87 57.58
80.65 15.24 91.25
41.83 49.15 80.11
19.03 88.28 18.79
57.89 8.39 16.85
36.27 84.4 19.44
10.25 55.84 94.57
9.89 14.33 85.02
79.18 71.62 20.43
2.34 32.21 80.72
66.61 7.34 41.97
96.96 42.08 20.24
0.67 22.66 0.48
11.17 0.87 12.22
50.97 99.52 29.04
8.42 0.84 54.13
5.97 3.01 59.54
33.39 90.62 63.71
15.36 35.77 3.22
52.9 52.75 66.16
16.5 64.85 55.42
77.78 77.02 43.43
9.54 94.97 22.46
19.71 38.06 98.19
33.72 48.17 99.11
27.24 21.44 85.63
68.81 84.2 9.16
14.65 22.71 47.39
60.02 4.65 82.55
82.27 51.06 74.27
91.85 17.81 95.84
37.24 52.9 35.82
53.1 16.9 52.04
99.79 49.97 28.56
8.72 84.98 29.94
21.05 59.83 57.87
4.63 2.66 31.73
92.47 22.55 33.63
60.79 13.6 54.38
21.43 37.9 74.34
10.48 9.73 69.97
42.49 30.49 77.65
57.04 69.38 99.09
23.35 99.57 26.62
72.41 63.52 57.67
68.76 58.41 12.38
42.8 61.26 95.63
28.71 2.31 5.75
19.96 81.97 28.11
0.11 72.83 9.32
88.23 39.6 42.19
3.67 74.22 50.04
11.24 89.36 67.6
16.47 44.51 45.43
20.06 81.3 43.44
73.16 14.9 62.88
27.05 18.72 95.63
4.2 20.62 1.13
84.32 11.63 14.29
13.65 78.5 5.87
23.59 42.5 75.99
94.12 18.26 77.14
12.69 91.9 38
26.84 47.71 3.56
74.88 63.85 91.66
94.32 8.92 74.21
1.47 30.78 44.43
68.63 48.47 22.77
80.95 63.86 10.95
92.43 36.01 80.76
3.73 9.84 90.11
35.59 0.81 31.75
56.07 21.59 65.29
88.8 75.19 68.11
45.29 7.22 76.36
91.35 19.74 37.75
51.47 62.25 84.79
96.71 92.05 88.74
69.41 50.02 59.42
84.32 61.81 74.32
82.32 12.02 88.84
32.59 37.28 9.8
53.31 51.76 12.01
15.79 32.9 30.74
34.72 42.35 71.61
47.83 18.8 55.67
2.93 80.63 56.63
11.76 34.08 90.34
90.48 10.03 9.09
60.57 14.02 53.48
35.22 61.21 95.7
6.55 18.38 91.63
5.17 92.88 98.21
14.23 60.08 25.93
71.3 4.66 37.63
85.33 39.72 12.85
0.34 27.3 50.12
33.61 63.66 65.4
9.58 2.15 5.57
33.84 56.06 98.37
39.57 68.86 3.57
62.46 46.95 78.51
14.84 90.72 98.33
25.41 2 12.37
41 5.52 74.15
66.82 52.48 0.96
9.06 33.56 92.12
81.04 25.07 4.27
59.38 0.03 28.64
45.03 14.5 93.54
81.45 31.95 95.34
23.81 41.03 20.55
18.23 46.37 38.61
13.63 30.46 9.85
49.88 17.12 13.09
50.79 17.69 15.05
12.31 99.74 85.46
18.98 76.6 89.77
1.77 69.52 22.74
88.39 99.67 3.37
39.77 65.21 66.61
16.13 88.13 90.59
40.47 38.77 36.98
99.02 88.02 30.35
90.43 16.85 1.12
32.58 18.35 89.99
60.73 44.16 42.32
87.97 76.52 55.93
36.92 30.69 75.18
47.81 97.18 54.38
5.14 28.61 15.2
12.28 30.83 58.02
61.54 64.94 41.18
70.47 14.32 40.38
60.91 35.52 3.92
51.29 33.72 95.95
27.1 94.08 83.03
90.53 4.51 50.86
8.57 47.36 84.51
51.39 84.44 82.28
18.3 73.12 73.94
88.36 75.29 85.56
75.94 78.67 79.02
93.83 84.19 57.5
89.69 6.37 76.07
93.07 44.13 58.53
55.14 77.54 65.66
93.7 36.18 15.23
36.08 24.81 9.69
18.64 59.12 86.84
89.6 29.96 13.85
70.95 9.03 83.33
10.51 23.22 41.71
23.74 13.11 75.42
56.95 19.44 30.85
47.95 7.18 8.5
65.69 45.84 19.19
25.43 61 62.21
65.07 93.19 55.67
69.74 98.99 11.28
84.21 4.01 33.33
0.22 48.41 25.38
15.12 36.64 84.3
78.44 22.77 52.85
11.58 59.07 93.3
9.03 61.57 58.79
38.17 84.32 70.79
61 43.1 76.18
96.06 32.64 24.81
96.35 29.44 96.77
97.36 44.56 28.49
12.55 68.49 60.97
34.06 37.44 60.3
15.26 99.14 19.47
79.37 22.56 86.67
17.65 73.47 12.11
78.55 92.26 90.88
64.58 53.72 58.31
56.53 16.44 54.45
80.76 25.41 21.26
88.04 95.89 27.43
15.53 27.4 64.89
58.2 32.45 19.66
87.06 42.08 36.22
2.79 74.22 26.63
86.37 87.43 30.61
51.78 19.95 17.57
61.4 69.7 18.02
73.29 15.62 24.84
21.32 31.14 14.33
14.78 23.04 81.93
52.95 75.21 9.69
78.62 17.74 20.47
4.18 1.62 77.68
32.07 49.68 99.01
85.67 72.94 39.42
55.04 73.23 84.32
56.95 4.29 77.33
89.28 27.27 80.46
89.65 42.84 43.7
66.36 83.83 6.45
9.14 98.41 32.67
83.81 18.03 74.23
98.21 94.26 7.29
85.46 91.62 92.9
38.92 19.88 56.44
53.91 73.79 5.92
44.31 18.21 8.31
58.81 55.49 74.49
99.61 90.67 60.63
24.05 69.59 11.7
99.42 13.45 83.95
16.9 78.65 87.4
9.24 51.59 65.43
45.72 97.53 24.22
7.03 88.98 92.67
8.84 87.26 70.73
23.14 10.21 76.89
2.32 81.63 18.79
26.36 88.14 56.25
11.53 32.34 28.38
18.1 64.06 41.65
42.11 38.11 9.02
74.97 94.22 68.22
4.06 76.6 51.26
89.22 80.07 80.97
31.1 32.76 26.93
27.81 51.81 90.45
85.61 44.49 31.94
73 5.61 63.13
75.59 70.7 70.46
15.08 72.88 86.11
31.67 95.42 81.31
86.91 38.52 95.3
86.58 2.24 81.01
65.56 25.19 4.37
62.67 21.66 31.83
86.47 18.87 81.21
46.51 75.64 69.63
27.18 76.43 39.3
68.94 98.69 64.75
75.04 59.4 15.02
10.26 58.99 23.4
15.99 30.16 87.22
88.99 26.13 93.21
79.38 4.74 36.54
92.08 51.21 73.88
60.87 94.77 41.89
13.07 27.21 59.05
47.89 36.59 83.93
96.18 59.79 86.78
25.6 76.82 9.04
7.05 89.52 22.69
27.52 4.15 90.65
25.71 20.56 25.49
88.18 16.9 0.85
8.94 81.16 59.04
62.62 24.64 9.23
25.27 92.53 10.87
88.3 48.58 73.38
52.96 69.54 8.71
2.25 65.45 34.5
60.22 43.33 89.67
74.82 66.41 32.61
67.11 77.07 4.51
10.05 88.25 25.69
6.86 0.96 0.26
50.68 71.12 57.73
28.81 0.92 2.78
9.68 14.28 2
95.16 4.5 49.72
62.33 50.27 67.55
39.59 48.02 1.24
28.55 47.96 2.99
61.01 31.27 6.12
64.95 79.45 20.42
81.99 6.42 14.04
19.47 41.32 66.79
55.92 35.65 53.98
93.6 97.77 53.08
92.03 37.83 6.08
45.98 5.34 47.18
3.5 34.34 27.52
48.5 96.47 56.95
87.14 12.69 10.89
58.32 71.02 58.99
62.93 41.02 48.23
4.69 25.09 73.91
78.46 83.17 78.95
9.42 42.94 79.21
10.17 60.27 2.75
63.39 26.53 44.13
7.42 60.16 25.11
14.36 20.52 88.64
52.69 90.04 32.24
66.06 11.5 53.99
67.65 6.64 77.58
2.82 3.69 35.29
66.81 70.27 75.59
68.53 15.97 61.37
2.99 90.13 86.29
1.88 44.11 78.28
11.96 42.23 63.4
5.52 18.23 52.52
65.87 8.53 86.94
3.26 45.1 48.79
77 47 30.17
87.34 83.96 6.05
74.21 2.63 46.31
19.99 63.34 6.65
97.63 43.09 78.2
65.33 91.18 81.68
59.09 41.77 0.36
25.16 0.56 21.74
32.37 26.79 94.53
80.25 26.51 52.06
35.08 25.43 6.34
16.16 93.39 23.25
52.88 47.91 77.79
23.91 83.19 12.28
17.65 40.95 47.85
30.82 60.17 67.28
19.32 8.86 29.68
11.23 95.34 19.41
55.31 15.46 46.5
20.63 55.06 18.6
8.91 78.1 48.34
84.08 6.49 73.38
75.77 96.21 93.06
39.52 52.28 50.57
32.75 24.81 70.43
29.92 17.75 87.04
4.98 65.04 28.54
53.42 55.48 20.66
55.38 3.77 11.55
27.56 2.94 95.23
62.75 81.09 81.92
47.73 23.2 64
69.2 19.07 68.76
3.09 12.73 72.01
99.98 29.88 7.36
13.02 9.6 47.08
24.03 26.56 60.87
68.11 6.13 7.77
75.12 29.82 49.19
98.64 90.01 94.75
1.12 27.95 5.82
57.25 75.83 68.84
17.82 55.68 4.96
48.33 47.49 28.14
96.46 67.37 15.38
15.7 10.49 65.47
23.72 53.3 66
50.41 12.88 20.26
13.44 35.82 0.22
2.79 11.09 66.03
31.26 77.29 3.84
73.92 45.49 23.96
86.59 18.65 71.8
28.48 15.29 27.82
15.38 98.32 72.97
55.28 29.77 30.01
47.32 3.85 85.03
96.84 80.84 39.64
93.58 88.77 30.56
68.53 98.37 46.36
57.97 64.89 68
14.28 75.68 66.01
9.66 0.82 64.97
43.63 55.3 19.92
86.5 46.58 76.53
72.59 64.25 51.67
21.93 1.38 41.77
55.27 11.05 13.28
60.64 89.19 72.31
64.44 83.96 80.7
37.81 27.02 61.59
95.78 97.45 23.73
82.93 25.58 71.55
94.79 72.04 14.9
19.92 1.76 40.59
26.75 18.68 52.63
30.22 41.73 35.16
54.21 19.53 52.3
86.02 80.95 63.07
7.96 38.28 16.94
1.89 24.9 98.15
26.3 59.3 11.59
53.59 91.79 10.66
79.44 32.67 72.51
34.42 17.51 9.43
13.91 56.7 23.63
30.25 99.79 85.69
62.98 4.88 47.13
25 15.97 11.78
10.17 56.05 84.83
17.5 39.49 58.98
3.76 4.25 13.05
98.71 23.75 45.64
38.88 62.6 32.14
78.21 43.33 61.31
5.77 15.09 30.55
4.96 53.3 55.63
18.17 28.02 39.19
31.03 6.96 4.33
17.4 46.17 53.98
34.72 22.59 11.15
76.47 48.6 91.45
64.68 26.58 37.66
96.02 19.59 53.54
71.98 76.72 94.03
3.98 16.8 58.64
65 93.98 85
9.58 67.54 43.83
75.52 91.07 78
11.68 22.41 88.51
30.72 25.1 15.14
93.32 1.88 23.49
93.55 56.83 16.32
55.12 88.86 61.45
85.91 3.22 90.7
56.3 94.28 38.54
30.57 69.01 51.7
25.41 59.76 91.77
11.65 83.26 46.04
36.3 57.71 18.18
73.55 66.67 35.25
6.64 68.27 66.06
92.18 55.02 7.66
57.28 24.38 12.66
58.31 94.67 2.62
34.24 44.76 2.49
76.8 18.45 70.21
54.39 87.61 97.23
49.32 59.94 0.38
2.61 95.33 34.16
18.87 6.86 87.76
94.67 2.57 13.73
47.64 51.45 4.36
13.72 34.22 27.92
10.04 0.57 6.9
11.92 36.83 88.76
34.26 52.33 40.07
30.18 30.53 46.22
77.28 5.38 64.81
79.62 36.04 55.42
44.76 13.22 30.06
37 79.83 3.79
31.49 21.17 72.36
57.1 97.53 76.45
35.22 64.65 95.16
24.53 78.07 9.45
3.18 87.82 5.65
20.6 83.21 47.59
71.92 0.59 62.06
24.64 19.11 49.43
87.67 10.23 42.88
26.68 68.95 63.71
55.61 75.4 32.15
29.52 16.44 59.89
50.67 15.95 91.39
68.85 29.88 60.62
8.53 42.04 53.11
3.65 24.15 82.92
89.02 59.54 65.03
15.17 30.85 81.02
16.13 1.16 14.24
50.65 3.86 41.64
16.1 48.69 22.69
23.97 60.01 15.98
19.48 78.28 7.21
28.44 40.56 47.32
75.74 72.27 17.57
16.83 57.9 4.34
84.4 48 68.62
86.92 63.05 84.6
9.32 96.36 44.59
16.62 69.09 92.28
24.42 22.2 5.84
77.12 52.05 24.78
26.5 0.46 75.95
55.41 2.75 44.41
83.94 39.96 11.85
10.3 51.66 27.18
53.31 36.86 99.76
30 61.45 48.69
29.43 45.12 15.31
71.38 28.91 93.83
23.19 93.44 11.51
1.71 47.67 30.05
27.1 58.56 71.38
17.93 18.26 48.31
65.05 62.49 52.17
47.51 28.68 68.21
50.57 46.44 67.27
54.7 29.97 48.53
7.6 95.8 65.53
2.26 58.82 85.67
22.9 80.86 3.5
27.49 10.02 55.13
43.28 95.07 39.3
11.46 18.08 90.71
16.72 38.67 58.67
32.54 94.6 48.44
72.73 16.17 91.98
34.21 19.84 51.89
36.58 56.3 58.49
66.59 55.26 86.17
42.01 87.01 99.15
14.27 92.99 27.46
47.38 82.07 3.47
11 64.89 2.76
63.02 73.12 96.54
49.76 23.37 10.94
7 26.68 35.75
77.78 53.08 47.05
67.91 56.66 99.81
66.83 10.85 14.4
92.79 40.94 31.52
57.38 4.28 80.71
2.92 41.44 61.28
23.72 58.89 40.14
43.46 57.18 86.27
17.56 93.16 74.14
52.67 22.26 42.24
54.62 48.54 53.27
4.35 10.81 15.89
93.08 1.67 16.05
72.77 35.32 10.19
7.6 13.83 74.63
86.69 27.61 0.59
4.88 99.63 90.56
60 68.35 16.38
60.25 40.87 8.42
7.61 1.33 70.65
25.3 61.21 54.74
59.5 85.62 98.84
48.28 60.32 8.76
42.87 11.39 25.27
57.43 49.79 96.47
12.22 67.8 85.83
35.53 53.9 68.23
20.6 62.36 94.1
88.01 26.77 75.24
91.22 45.16 23.49
62.46 10.51 47.02
9.58 10.32 83.75
5.13 27.51 51.54
79.22 13.22 25.9
27.33 5.41 23.85
81.1 59.47 69.82
17.12 42.9 18.16
86.79 41.68 20.27
43.51 68.29 59.68
53.42 98.56 74.68
42.24 6.98 85.6
42.26 93.25 51.76
37.77 26.33 57.17
36.19 26.6 53.45
28.78 44.27 26.84
6.22 92.73 94.61
0.85 94.21 81.73
45.49 11.57 96.12
78.1 77.27 24.65
26.51 5.86 59.93
87.39 84.62 73.83
34.45 68.11 11.08
21.05 70.86 31.24
86.69 74.46 8.65
4.09 0.71 84.31
20.95 61.35 49.05
9.61 35.67 11.08
85.16 88.89 27.61
23.36 17.83 17.72
52.8 48.75 60.18
61.82 28.64 76.72
70.38 29.12 47.93
21.28 26.67 38.64
79.45 45.7 26.49
77.08 66.57 11.61
3.15 87.58 25.29
4.7 55.92 79.67
32.22 5.28 34.6
72.45 97.33 28.18
60.79 60.47 73.68
72.68 97.56 97.07
88.24 34.6 81.97
12.37 44.27 36.38
35.49 5.47 81.13
41.53 1.82 0.14
86.5 63.01 35.08
14.52 17.7 63.86
32.5 50.84 77.75
67.86 98.91 17.45
36.82 72.18 34.52
21.31 21.56 22.6
59.04 4.66 13.88
62.25 97.71 87.48
58.3 18.61 3.88
49.13 8.93 12.27
14.05 38.46 10.6
24.43 90.68 75.27
15.7 34.26 85.11
86.08 48.36 97.13
26.67 32.45 74.63
23.92 87.58 57.92
16.07 49.32 84.86
28.83 54.73 66.3
79.61 33.43 7.36
87.1 90.3 86.84
86.94 29.2 65.16
29.54 35.92 75.98
0.9 75.83 55.52
61.42 20.71 80.34
30.37 16.05 86.27
4.88 85.73 12.76
86.13 32.29 14.7
45.23 24.38 65.02
61.78 86.51 62.61
44.2 19.05 40.96
17.73 48.58 40.99
79.74 23.89 70.59
97.42 22.35 16.54
45.74 19.8 51.66
85.3 71.32 20.33
16.87 82.9 18.04
19.16 45.83 7.69
4.51 57.56 72.01
74.48 32.18 77.01
95.77 65.37 1.15
86.58 65.55 73.6
26.29 43.33 1.43
21.18 1.52 40.29
9.88 80.56 21.06
65.28 44.43 70.16
84.04 25.05 61.1
13.94 6.39 70.35
18.72 58.1 94.35
39.59 60.62 24.2
28.16 16.5 17.03
34.84 73.02 58.03
98.56 92.87 24.67
40.27 9.55 10.09
21.95 19.98 54.16
45.04 33.73 67.37
56.92 22.57 30.91
61.57 79.54 68.9
10.98 8.83 77.12
16.16 53.55 49.03
38.99 99.38 74.33
25.78 17.09 18.61
88.19 64.03 63.9
47.3 38.05 24.54
90.88 5.89 18.82
2.16 67.76 64.94
94.53 58.66 67.14
18.13 39.37 57.16
72.27 29.46 96.36
78.19 82.85 99.71
4.27 56.7 48.95
45.7 15.54 13.73
12.83 20.3 73.16
28.51 10.13 0.8
1.22 35.26 71.6
35.21 94.15 35.08
4.82 76.67 65.47
7.37 30.83 16.13
24.21 21.66 8.66
69.46 22.95 13.08
20.17 16.52 83.73
43.61 84.67 73.32
3.26 18.66 26.58
99.5 31.03 30.26
55.09 81.79 55.56
85.62 49.38 8.39
64.96 4.9 88.8
36.45 32.06 38.86
92.25 21.11 59.93
30.52 99.66 99.54
30.01 5.25 61.8
68.73 33.43 45.71
26.53 84.57 12.44
69.94 13.78 16.45
63.01 86.01 58.23
66.19 38.25 62.91
71.99 81.02 35.65
35.69 40.1 20.37
58.72 24.9 45.72
49 19.07 41.74
8.56 77.86 63.4
37.51 58.21 3.79
92.99 19.85 7.27
73.91 69.23 26.36
90.65 59.71 2.29
39.68 3.62 66.7
20.74 73.12 20.3
92.38 70.32 78.73
48.39 41.32 77.99
0.61 74.02 16.37
50.84 68.19 12.55
99.38 9.42 39.06
20.68 69.79 33.99
22.46 1.21 0.32
95.64 37.77 51.21
1.52 24.81 83.82
89.27 60.53 14.95
24.02 8.31 10.07
48.07 50.92 44.95
4.32 84.36 13.58
37.73 23.44 74.84
43.72 58.11 51.23
60.95 96.21 65.93
26.15 43.08 75.52
96.57 14.9 20.23
11.13 50.25 87.08
38.47 10.51 10.12
72.4 39.36 69.76
27.78 2.33 18.44
79.35 13.38 6.59
12.79 19.42 30.53
88.07 98.03 1.68
61 40.35 62.09
3.28 16.12 60.65
94.25 11.27 61.61
60.95 95.08 16.75
48.02 17.59 49.28
22.08 30.43 36.15
63.64 10.91 58.96
21.08 79.89 73.73
68.17 9.79 32.48
58.52 51.52 94.81
14.72 41.04 61.63
10.51 80.42 94.77
54.22 34 4.24
44.52 50.81 1.57
23.47 26.71 82.5
5.61 39.88 41.81
11.4 60.83 81.01
22.1 59.84 46.56
84.35 81.63 59.14
50.82 8.46 62.33
60.64 73.49 6.61
98.68 14.31 53
62.44 85.45 40.95
90.59 21.75 27.99
15.59 81.34 59.87
59.5 80.19 53.62
90.99 64.81 28.13
36.9 35.85 24.38
21.55 59.66 60.37
60.92 67.04 20.3
56.99 8.68 23.25
9.97 42.72 38.67
98 40.52 50.45
74.95 70.13 3.16
10.55 24.63 4.37
20.01 9.98 7.68
45.33 3.15 15.32
51.81 8.08 2.38
23.77 85.19 68.31
69.56 6.93 51.98
24.88 56.41 45.49
4.86 82.45 1.44
34.82 18.37 77.91
21.01 93.34 81.57
96.42 72.74 4.8
52.29 7.14 29.49
2.98 37.88 42.94
96.34 68.33 29.13
64.93 87.41 19.24
73.72 2.14 96.83
10.33 5.45 35
89.46 92.61 49.19
69.86 35.02 82.03
22.36 71.55 6.85
35.82 42.35 24.53
28.69 87.62 94.4
10.87 3.16 19.28
7.79 43.53 31.36
65.12 22.6 64.66
86.65 64.92 5.58
41.2 7.32 88.9
9.9 41.31 14.25
68.19 14.06 22.51
36.87 15.46 0.77
38.04 2.62 1.51
51.46 75.35 28.69
95.56 44.65 16.43
64.93 45.83 4.52
95.31 7.02 35.86
51.34 87.21 59.21
9.99 42.76 26.03
50.53 59.04 36.45
84.7 45.42 93.26
73.64 82.89 61.47
64.32 41.71 5.79
21.99 65.19 66.42
92.15 14.1 41.84
6.96 77.02 64.8
10.09 33.92 35.01
78.11 25.75 17.04
81.78 84.04 82.55
93.67 58.01 76.64
41.47 94.13 47.64
34.41 12.4 20.8
98.9 36.26 62.14
60.44 0.15 53.83
97.51 46.5 6.69
71.56 37.72 12.44
59.76 83.33 73.72
3.59 77.12 27.74
11.98 31.62 22.19
4.6 51.14 40.78
43.94 19.48 99.63
74.55 9.57 52.5
21.35 94.83 51.61
0.04 85.14 37.84
88.08 51.52 75.67
25.06 56.17 26.75
98.81 13.17 28.74
82.52 94.25 67.52
96.92 95.05 42.17
17.23 96.22 56.48
18.57 40.66 79.08
13.52 11.99 79.54
91.53 7.77 67.08
9.08 10.51 64.57
24.61 37.36 33.5
5.21 0.39 26.52
10.92 22.96 83.43
43.8 17.31 44.22
8.08 70.76 19.75
92.11 23.58 6.28
16.26 39.76 11.15
96.27 81.13 49.26
16.72 21.19 66.89
83.5 75.43 6.36
67.54 25.3 3.82
32.68 14.26 52.58
23.58 32.37 19.01
70.17 37.25 66.17
28.12 70.09 2.81
15.46 14.83 42.35
6.22 13.72 36.32
74.36 6.42 56.96
83.92 90.13 67.02
49.5 67.56 16.74
68.08 65.14 75.41
50.61 16.47 63.07
88.19 95.79 20.7
15.2 89.32 23.67
21.01 63.07 33.07
70.94 61.88 94.83
46.07 42.19 16.73
92.44 51.98 44.68
5.4 46.18 43.7
10.93 3.45 24.7
77.79 47.39 73.26
21.03 19.96 92.59
15.9 95.01 71.7
73.8 18.37 21.63
36.18 67.07 10.45
72.19 73.38 5.1
2.96 3.82 65.88
71.7 35.19 5.56
11.19 27.28 60.34
61.44 32.86 87.1
53.93 34.23 51.08
52.18 87.38 0.67
20.16 59.33 42.84
32.92 5.82 0.77
77.48 0.06 34.7
67.63 85.66 13.76
87.21 23.03 84.22
11.48 32.09 11.6
45.99 54.11 75.76
63.21 30.04 18.99
1.56 22.4 89.09
58.83 54.89 0
13.4 32.45 0.4
4.17 53.05 46.77
28.55 72.31 44.03
62.26 10.08 93.29
97.12 1.31 26.63
56.66 70.38 50.2
35.66 98.61 20.9
66.33 49.15 85.65
41.46 64.5 5.4
48.91 39.26 89.43
81.3 24.19 77.8
91.18 62.84 19.53
89.65 6.11 19.49
31.52 81.29 49.43
3.69 67.95 10.34
47.88 96.03 40.8
5.04 9.51 72.99
42.41 2.09 63.75
14.79 47.65 0.43
7.02 60.79 82.39
22.12 99.58 63.97
22.61 58.26 25.73
25.81 43.08 10.79
1.4 99.85 13.69
37.68 4.52 51.6
43.87 50.54 87.46
13.76 74.72 27.64
97.65 73.61 19.41
36.01 22.77 14.68
11.38 64.01 57.34
89.56 11.56 42.71
17.66 33.56 95.97
11.34 31.39 30.02
23.85 34.32 50.32
15.46 18.59 51.18
6.18 33.73 1.6
2.58 81.26 67.39
66.81 1.13 24.61
0.15 68.23 39.57
30.02 15.47 14.18
40.42 55.71 19
8.82 4.15 20.71
17.66 71.06 61.75
77.52 4.67 56.18
48.49 36.16 53.76
10.44 27.96 90.16
7.77 22.33 49.43
0.71 41.5 73.01
22.72 63.76 20.7
21.92 89.32 37.75
80.75 2.54 61.43
78.05 37.17 19.54
58.52 57.62 2.44
49.9 68.46 24.51
12.08 73.42 18.16
97.08 99.16 73.34
25.38 38.63 9.15
98.64 6.05 10.53
17.61 41.39 85.45
45.57 8.76 58.81
76.85 53.07 60.36
42.79 9.99 57.39
9.93 0.42 55.97
42.86 81.73 26.64
86.27 89.88 64.66
54.21 33.97 36.83
77.65 28.15 79.68
52.46 61.79 23.72
47.08 2.66 63.46
56.83 78.2 46.93
98.67 85.52 81.13
21.03 84.15 93.4
75.64 17.82 36.24
8.84 6.35 28.85
63.29 32.24 21.18
9.88 35.6 60.87
18.58 41.74 12.19
70.97 22.93 34.3
95.05 63.73 17.55
6.92 26.83 24.05
24.09 35.75 2.51
92.38 96.16 41.55
95.87 77.32 88.36
12.85 75.84 2.78
34.54 22.84 96.49
17.5 58.07 39.47
58.91 56.36 54.29
8.36 67.35 79.31
93.79 33.19 16.06
23.87 22.2 63.39
14.03 39.93 69.76
9.4 93.14 70.36
47.94 7.82 80.88
82.01 84.73 87.05
38.59 96.26 25.1
70.05 27.63 70.02
77.65 90.72 18.66
15 21.52 43.5
32.32 78.21 26.72
44.56 20.41 54.62
80.77 22.4 11.39
65.83 57.68 83.96
76.58 66.41 60.55
95.61 49.19 42.42
80.17 86.73 22.81
59.26 32.98 25.92
0.02 52.6 39.53
11.4 59.73 1.03
4.97 36.51 10.22
29.5 35.09 10.26
53.79 17.83 0.39
16.83 19.13 27.59
36.9 49.58 8.91
28.12 62.38 7.87
52.38 30.31 85.97
4.62 32.24 17.8
17.48 56.13 26.19
9.48 54.51 6.38
87.8 0.77 4.4
42.36 1.13 42.56
83.45 1.56 50.35
48.28 75.54 17.47
6.79 70.89 7.66
70.5 34.67 59.11
52.24 96.21 66.72
9.6 92.28 79.84
76.1 15.47 8.26
8.9 32.64 60.1
56.91 99.27 30.96
35.11 89.99 98.57
2.1 63.54 59.9
53.11 49.69 36.78
15.73 5.37 13.17
33.57 38.36 57.38
3.88 18.97 60.93
84.06 54.66 36.37
85.12 53.26 96.7
90.27 22.37 98.1
98.16 33.03 59.93
87.75 5.76 46.99
8.53 25.21 24.08
30.76 3.7 28.98
69.17 2.45 17.86
99.48 1.7 90.28
59.31 94.91 99.65
95.62 61.97 15.83
31.02 58.86 29.35
84.49 41.81 97.8
81.17 92.43 87.79
76.65 0.28 88.21
89.56 69.3 4.89
80.29 2.68 74.7
5.35 11.98 14.64
48.1 66.15 18.29
22.06 7.8 13.65
58.88 55.19 22.26
16.24 18.47 24.51
62.11 96.42 79.52
92.3 77.34 59.45
70.86 18.9 3.85
65.9 46.49 82.13
18.61 11.32 32.04
42.77 18.01 6.51
14.35 42.01 21.79
32.21 28.91 76.25
28.14 34.08 82.15
47.53 26.49 99.66
46.15 60.81 51
98.25 46.12 62.17
68.81 80.99 77.94
22.76 75.04 68.21
27.16 71.7 22.82
64.38 58.95 63.15
47.79 72.38 11.68
95.68 55.3 58.04
97.99 80.2 47.07
93.81 88.64 76.11
25.83 92.46 46.31
62.57 50.25 53.32
66.12 70.86 95.81
95.29 13.11 55.29
32.04 25.22 41.18
51.95 99.79 98.71
22.05 7.26 43.33
74.74 81.33 97.82
8.7 89.95 85.44
74.46 7.85 44.92
4.04 1.17 49.16
0.65 4.3 38.66
21.39 31.3 84.73
98.62 82.58 28.52
86.07 86.34 91.91
78.44 73.58 49.69
6.39 80.94 47.99
87.83 76.07 81.17
74.76 3.7 25.74
17 6.07 13.51
73.62 18.36 0.43
88.4 26 62.23
5.01 5.65 18.08
25.41 31.94 48.08
81.68 77.24 44.4
82.7 8.48 37.57
83.49 69.47 0.13
48.12 90.61 86.85
81.94 10.49 89.78
1.72 95.48 15.57
84.92 76.48 16.61
13.27 68.6 64.27
69.55 74.88 26.59
10.96 58.5 52.35
1.12 93.41 1.67
53.05 18.26 8.13
55.42 1.87 76.43
4.33 66.87 69.3
97.02 27.92 16.68
5 70.66 13.4
18.31 49.43 84.94
56.39 28.89 90.67
1.11 33.02 38.3
34.35 2.09 54.37
8.31 63.09 59.71
75.8 79.44 71.86
3.42 68 43.23
83.43 4.31 52.76
48.44 0.85 69.22
31.61 0.55 41.27
63.37 38.03 39.91
25.06 51.66 98.63
94.72 24.41 64.62
32.02 29.75 13.06
85.5 4.92 70.01
76.74 4.58 80.29
52.49 47.68 22.84
36.94 74.54 28.57
93.13 63.31 15
69.6 47.14 15.43
90.58 36.33 4.98
35.68 45 80.94
68.51 62.45 90.49
77.93 72.15 31.74
14.4 9.15 74.99
73.23 10.54 91.32
23.66 14.32 69.71
54.2 92.75 86.55
99.51 7.13 15.3
0.7 65.03 34.34
53.26 38.5 19
41.48 61.95 44.2
91.26 98.27 29.18
48.75 57.08 27.47
27.78 8.1 91.03
97.43 17.36 66.92
16.72 28.33 51.26
29.18 52.95 24.76
28.91 30.03 77.42
12.47 44.98 7.41
25.33 68.9 47.97
1.55 54.87 76.14
19.48 17.58 64.69
45.6 82.23 38.4
27.53 11.18 20.4
97.83 14.46 23.1
58.92 35.18 95.18
60.51 51.15 70.86
52.36 7.76 68.06
77.55 59.71 16.82
75.04 31.37 51.02
34.49 74.24 57.61
59.38 94 36.87
4.54 34.97 51.18
41.81 70.85 71.68
7.72 2.24 15.4
95.47 91.03 66.96
79.54 34 67.12
5.8 73.84 1.77
22.02 1.77 8.54
45.34 15.95 44.77
81.29 80.9 35.03
85.27 45.96 30.53
16.9 19.77 42.28
44.74 13.65 4.64
10.17 62.25 29.95
99.63 80.73 17.84
48.84 35.95 32.39
24.14 67.93 16.42
78.04 35.68 62.96
59.59 71.73 70.07
29.15 95.2 71.34
99.05 6.44 99.85
30.52 41.51 45.56
47.97 28.81 20.32
35.97 5.37 89.72
25.72 86.6 40.65
29.91 49 3.79
25.98 61.49 37.99
16.93 41.33 56.51
16.88 96.43 25.9
57.42 34.14 9.91
86.1 21.1 0.92
27.36 63.98 44.5
74.66 31.89 47.6
39.88 16.35 19.17
61.2 39.82 36.1
65.27 72.09 21.41
57.02 22.85 24.32
65.49 95.49 91.66
2.2 15.41 36.48
3.31 50.7 52.92
57.64 7.62 78.99
10.99 10.25 36.1
89.27 62.69 4.46
6.71 18.93 29.02
60.44 68.63 99.56
4.72 87.21 77.07
14.84 46.83 21.36
98.74 83.86 95.33
53.36 93.14 50.16
38.64 69.3 96.48
66.56 70.12 52.79
39.79 81.78 26.85
23.77 41.4 69.88
56.86 80.57 41.28
8.58 65.89 19.21
60.09 58.14 25.61
82.02 56.65 36.17
13.94 11.37 45.45
23.07 43.59 43.5
1.3 27.36 98.62
90.77 31.54 16.28
79.52 68.64 13.53
21.12 32.26 77.25
28.6 10.2 68.04
78.76 68.81 9.59
42.59 4.6 29
12.54 40.65 15.66
72.9 5.13 25.2
18.49 30.44 32.28
99.79 51.6 91.9
5.41 90.14 4.65
23.76 80.57 3.91
1.76 4.13 25.4
51.64 24.03 8.83
80.24 6.55 5.35
18.34 16.77 95.04
84.51 98.16 93.23
29.61 58.43 35.16
81.8 99.28 68.72
53.13 50.45 95.04
66.22 74.94 74.62
24.17 70.7 58.84
95.04 63.05 57.81
38.07 69.42 70.19
1.17 97.52 49.51
24.31 75.78 97.78
43.64 26.18 10.56
5.41 96.29 41.52
62.11 87.04 28.01
4.87 10.14 72.65
16.05 29.74 12.72
28.57 99.4 17.09
21.65 26.76 33.2
35.27 17.69 65.35
2.08 23.17 29.38
52.85 80.82 25.57
97.66 83.23 5.47
10.51 79.62 3.62
72.69 50.06 98.28
67.97 79.68 26.87
53.08 90.84 60.85
56.61 53.27 9.85
90.54 35.4 29.24
87.93 6.5 78.88
43.71 70.2 90.96
6.68 2.33 20.32
19.53 28.48 70.73
57.31 8.59 72.58
27.6 5.36 38.99
15.16 3.04 68.61
19.14 44.87 2.24
24.58 71.48 59.26
97.53 99.32 32.93
61.74 38.2 34.74
8.93 93.8 1.06
77.36 33.1 22.24
42.04 5.14 48.91
92.8 86.93 81.55
88.75 42.4 35.72
10.55 94.3 49.05
87.66 30.78 47.43
82.31 79.95 22.75
72.51 28.96 47.36
56.43 57.85 56.5
93.89 2.33 17.06
21.55 8.72 18.09
16.59 4.47 81.86
82.91 34.81 2.94
2.64 13.31 0.44
83.08 96.53 89.51
20.31 5.57 17.18
75.21 95.02 12.72
64.54 4.62 71.05
43.23 41.38 91.81
70.65 13.2 25.36
40.84 73.05 0.62
60.84 74.88 31.27
93.47 72.75 61.23
25.62 12.57 94.12
33.47 99.89 18.54
20.19 44.56 91.97
52.48 31.84 18.46
83.44 42.73 45.67
21.48 12.15 76.56
38.09 39.64 95.42
3.12 17.63 32.44
73.93 38.76 43.74
26.04 85.69 17.79
4.71 62.74 7.66
16.97 74.39 57.14
34.39 78.15 11.26
65.38 56.09 37.55
8.67 83.65 35.97
39.78 30.64 67.33
23.41 0.38 32.76
57.58 85.67 86.03
28.72 2.01 82.34
13.02 52.86 84.15
90.17 0.72 40.7
52.79 32.87 36.07
76.35 67.62 52.98
69.01 64.22 84.36
8.1 94.77 72.25
34.37 22.28 21.4
65.75 23.53 70.34
0.05 95.86 9.89
13.65 27.12 0.29
61.79 15.82 97.39
3.48 29.92 1.45
9.36 27.36 28.75
52.67 76.01 97.35
99.37 78.77 59.06
84.91 21.27 98.33
82.79 28.58 23.83
86.13 93.58 42.62
31.12 1.02 13.25
79.33 56.63 97.99
41.67 47 11.38
29.78 7.47 58.4
22.94 94.94 88.62
56.61 3.02 84.1
95.3 54.59 93.44
53.61 49.34 7.49
83.23 31.98 74.16
58.84 45.72 17.69
40.08 64.19 1.53
29.15 36.23 82.6
36.77 3.74 88.8
94.84 93.09 89.93
0.46 61.86 46.34
3.23 88.79 87.09
3.04 82.13 93.99
74.39 86.7 21.09
46.32 94.44 37.04
35.2 93.76 81.04
72.58 53.52 5.47
6.4 78.21 67.9
72.9 69.59 12.78
53.06 22.36 70.44
53.57 44.49 85.89
5.62 62.12 94.54
93.33 95.05 43.61
84.28 13.78 58.27
94.93 71.22 61.92
8.89 19.9 33.68
80.39 33.02 55.85
31.93 12.06 56.52
19.64 51.46 13.43
96.38 26.04 3.78
40.03 1.1 37.54
7.3 59.51 45.92
83.47 94.23 91.11
40.39 26.88 82.94
48.66 44.55 2.03
12.71 41.18 69.94
28.68 18.69 42.14
89.42 15.15 82.29
42.97 19.43 71.66
68.85 17.25 83.53
41.41 43.19 89.55
25.45 21.72 47.09
97.09 3.49 19.45
46.39 31.81 11.36
70.07 91.47 78.88
36.03 81.54 83.73
89.95 80.41 19.95
19.44 84.04 72.41
4.3 63.39 86.76
39.05 22.83 19.35
40.76 71.44 47.3
4.96 24.14 27.41
97.87 42.82 5.25
74.23 85.64 41.5
70.56 52.21 50.04
22.77 81.62 83.03
19.76 13.48 64.14
16.04 48.35 92.32
80.41 13.25 72.99
25.08 65.12 59.94
21.38 40.17 9.64
65 38.67 96.86
85.47 2.26 45.1
39.04 98.33 7.84
93.49 71.79 67.91
7.8 14.08 10.65
58.75 44.99 9.57
5.23 8.15 8.61
45.16 59.34 74.86
18.44 49.78 74.31
5.16 54.98 75.25
23.39 46.54 33.55
6.32 17.68 65.31
18.24 57.58 35.2
76.89 1.5 61
48.23 17.54 79.03
41.46 60.82 26
28.87 95.07 19.38
16.47 18.18 12.06
52.74 52.58 75.88
59.07 81.41 39.45
25.37 62.74 54.36
88.01 66.3 92.24
23.35 16.2 27.27
16.83 68.65 10.75
72.27 74.33 55.85
46.26 67.41 98.84
27.58 40.75 78.44
16.16 96.66 99.73
5.49 38.08 14.99
23.41 21.03 4.14
90.78 61.34 0.63
49.54 17.97 67.58
16.94 17.33 88.5
23.85 9.6 19.41
59.32 22.09 73.97
26.19 53.78 86.3
30.45 23.24 64.77
40.35 57.28 74.7
17.95 18.65 70.29
99.63 71.13 38.8
9.16 67.14 76.25
69.63 93.96 33.32
20.05 15.71 3.61
53.65 78.82 7.03
18.41 49.24 37.36
46.99 52.62 60.52
47.53 3.02 9.37
56.03 91.84 48.4
93.49 57.63 72.13
39.4 57.61 60.48
56.46 19.46 49.3
26.09 2.71 96.24
91.53 54.5 93.65
32.18 19.68 41.45
44.79 6.96 90.59
22.23 98.54 63.11
46.37 44.74 89.03
39.54 18.32 36.65
66.15 85.47 7.29
41.52 5.18 44.28
40.83 99.4 71.83
83.07 8.75 10.17
81.43 78.54 35.48
96.18 9.72 30.67
84.6 55.2 0.24
8.67 46.71 80.08
65.82 72.79 85.54
69.82 4.28 55.15
72.1 8.86 72.25
41.39 11.1 98.76
9.53 65.72 76.98
82.58 17.67 61.24
80.86 27.47 80.82
59.32 51.67 18.13
4.83 49.48 76.04
92.92 60.78 74.96
24.91 41.09 27.75
19.94 37.25 5.6
65.67 59.2 24.55
31.46 60.31 75.28
9.47 97.61 23.96
41.53 23.74 91.21
42.99 37.88 34.19
37.26 4.95 69.86
11.2 5.87 87.38
96.23 25.43 76.11
16.08 74.08 30.09
93.99 55.46 73.13
43.82 73.11 47.37
94.18 2.47 33.64
63.04 15.55 16.07
12.85 5.99 98.05
94.79 93.84 96.38
10.83 1.78 67
15.03 63.85 68.89
49.24 14.4 47.79
84.07 5.19 19.19
7.38 84.71 87.18
85.66 87.15 29.01
16.93 14.57 8
60.98 76.61 78.77
87.54 19.8 70.49
14.92 39.35 32.13
18.72 64.3 47.21
8.83 6.03 63.3
11.12 7.84 80.8
97.81 22.65 50.75
76.38 35.62 81.66
94.95 84.09 54.6
69.12 64.1 88.16
61.92 9.38 11.2
8.93 33.01 58.24
74.01 92.37 11.76
74.95 6.08 9.13
98.83 38.79 17.34
84.2 3.75 31.59
67.19 20.46 32.1
63.92 33.39 20.17
66.58 36.85 22.95
35.54 19.47 40.08
12.53 78.41 2.77
12.48 64.89 94.2
16.89 63.86 96.54
6.89 20.93 75.18
15.29 78.75 51.59
18.92 64.51 65.59
36.79 33.67 14.37
3.2 77.35 56.32
32.07 7.51 15.03
1.33 31.53 7.35
64.68 18.04 46.86
13.52 96.89 64.59
17.5 11.06 4.09
37.62 69.71 65.96
96.27 43.47 86.7
45.58 95.11 62.56
68.98 10.12 36.89
3.5 89.78 95.96
48.52 26.17 66.71
15.94 58 98.25
11.8 25.05 67.9
17.95 42.53 15.17
5.79 18.42 37.41
25.5 6.2 9.67
23.36 45.04 10.34
33.35 30.96 42.65
29.18 41.64 24.6
1.23 97.26 60.39
17.49 36.1 98.47
24.44 21.71 1.84
18.94 39.18 66.24
56.88 6.34 68.69
56.43 11.59 9.72
32.13 32.08 90.89
17.39 68.74 24.13
98.43 37.45 14.48
59.36 45.73 46.81
25.03 6.63 56.59
12.85 1.35 5.28
48.36 62.67 43.68
73.63 89.78 40
24.22 14.93 30.75
78.16 23.79 65.26
26.87 63 24.69
26.53 47.96 69.73
11.21 3.14 3.98
70.64 78.96 83.8
62.58 40.59 23.22
20.93 62.05 25.03
67.28 6.18 89.45
69.82 73.42 63.51
10.88 20.47 20.48
61.63 89.64 8.71
78.36 65.6 36.29
21.7 92.81 1.82
80.12 22.51 47.42
66.71 18.41 4.72
35.03 27.58 71.36
24.02 15.95 99.4
82.33 93.87 66.09
56.91 86.48 20.49
44.77 52.23 47.46
95.3 66.61 21.46
91.53 88.96 96.8
63.11 94.01 5.27
21.69 78.01 75.16
83.64 29.29 2.61
66.59 25.53 40.99
31.56 54.55 10.14
7.64 76.86 5.67
36.58 49.55 22.52
26.26 63.87 85.81
9.8 49.99 84.26
23.63 99.46 26.43
64.74 40.48 11.01
77.71 17.94 18.94
65.12 46.59 32.89
33.37 18.42 35.34
76.02 15.98 31.04
92.7 32.96 61.25
97.21 26.87 6.04
19.48 68.67 10.63
76.36 66.22 9.08
3.21 70.46 41.09
39.71 54.74 47.5
40.03 99.28 88.59
99.64 35.99 12.18
84.56 70.98 50.14
41.59 7.28 62.52
12.24 51.21 70.71
53.68 19.72 51.91
8.88 39.92 38.54
44.73 28.79 44.62
80.33 4.41 15.34
38.79 46.24 14.62
96.54 31.23 67.69
65.46 6.72 19.72
74.36 41.18 49.64
25.82 22.4 64.05
33.22 93.1 59.75
0.95 43.84 99.09
95.31 41.51 21.23
39.27 74.81 0.7
57.29 93.18 36.37
97.61 18.15 20.53
27.18 97.21 59.26
20.18 92.67 83.86
63.39 93.95 13.34
57.82 89.75 63.25
6.88 14.5 53.56
77.61 21.65 0.5
27.06 50.88 58.81
14.08 29.28 79.2
1.8 70.27 15.43
56.87 39.54 99.66
94.59 48.71 22.06
61.17 93.07 1.15
25.76 20.96 13.4
12.17 48.36 40.73
12.49 87.04 1.89
96.88 76.86 89.24
21.85 60.01 50.36
28.64 16.39 9.88
4.95 64.28 81.51
32.38 26.79 53.03
64.33 24.38 78.84
19.74 57.52 19.23
7.82 98.85 30.08
35.4 18.11 10.61
52.62 79.91 40.5
55.83 85.75 96.54
7.51 30.64 89.72
28.7 3.44 62.22
77.4 78.26 16
62.42 98.34 5.05
13.06 36.94 82.17
39.39 11.6 87.13
65.65 29.37 0.68
75.93 54.99 50.3
51.68 44.24 32.44
10.64 39.13 66.17
95.34 74.03 39.53
78.53 4.68 56.4
18.68 91.7 86.56
16.1 9.07 43.31
25.18 23.86 0.24
46.45 78.42 87.48
46.41 23.13 11.64
5.61 83.92 77.58
19.14 80.94 5.54
97.45 71.91 7.24
5.75 52.55 92.19
26.73 52.02 0.66
90.04 48.96 88.17
67.39 19.47 12.44
26.63 78.39 68.02
91.15 40.08 29.64
63.08 75.93 26.37
46.37 38.45 45.62
84.81 3.89 21.16
62.44 83.94 45.69
43.58 61.63 52.76
32.01 7.1 16.47
13.71 66.56 91.45
12.84 46.71 49.85
4.06 65.44 73.09
30.13 10.62 54.51
33.32 0.18 15.44
48.82 62.77 77.26
77.53 92.35 90.3
75.89 62.9 94.4
97.68 21.51 97.78
4.78 7.6 4.14
67.81 52.61 33.79
19.82 43.09 82.85
88.78 82.21 37.52
48.47 37.97 62.77
69.86 89.85 51.06
26.64 56.37 25.42
18.08 27.24 38.07
72.46 30.08 14.15
81.55 13.22 8.76
93.16 17.93 40.59
85.07 6.46 16.02
81.31 0.36 95.09
56.87 5.15 96.22
73.19 58.66 71.67
0.39 86.96 23.43
56.79 7.15 60.13
3.72 34.15 33.68
64.86 34.71 68.58
65.83 4.82 0.55
75.14 2.7 86
92.93 28.99 87.32
86.74 18.04 40.89
8.04 84.12 77.83
71.19 65.9 58.7
3.22 37.37 35.3
59.74 71.41 15.56
92.07 17.38 16.92
95.57 46.75 94.37
42.89 63.99 1.95
71.99 12.62 83.93
16.21 44.1 0.14
30.55 31.56 2.98
81.8 61.83 19.65
69.72 11.82 28.39
9.75 67.95 20.9
12.38 13.52 12.23
85.38 10.08 94.38
25.35 52.37 50.06
1.06 4.8 43.5
97.97 57.88 94.62
7.45 97.09 64.91
57.94 39.3 17.17
22.35 95.73 56.8
66.77 49.17 8.77
87.07 7.89 27.05
85.01 41.38 11
12.39 21.93 4
29.55 89.99 93.55
35.75 74.83 36.21
48.56 22.85 10.44
12.73 61.9 43.99
75.03 60.22 19.77
26.35 6.07 79.29
71.16 72.58 42.83
17.16 32.22 75.66
13.75 76.76 31.89
80.56 29.01 60.48
40.47 9.74 74.53
86.83 41.74 89.71
94.6 98.36 7.48
55.75 97.32 33
0.96 22.8 14.96
64.79 40.55 27.29
25.79 53.98 17.98
89.54 69.3 67.72
17.43 99.76 6.07
60.56 40.83 51.34
65.03 9.87 21.19
35.16 73.9 35.54
99.94 23.12 70.89
74.14 54.45 39.39
10.53 0.19 49.15
96.77 78.55 47.81
5.31 68.9 77.87
68.42 79.8 75.75
17.6 13.07 88.17
14.64 0.91 67.48
26.62 35.88 99.16
36.15 53.14 73.63
29.5 1.8 8.36
52.54 57.39 39.81
64.1 87.13 2.63
10.87 26.4 77.33
19.63 74.34 73.18
83.44 19.82 4.28
65.82 57.85 51.35
55.07 69.96 8.7
15.01 46.26 14.31
85.6 58.98 21.5
10.15 23.94 26.86
10.97 72.86 25.42
72.24 84.39 12.84
62.41 82.18 48.95
90.54 55.92 11.9
60.6 22 36.26
65.15 58.29 23.15
87.12 70.93 8.34
79.35 75.79 48.76
16 94.53 21.24
36.59 16.22 84.78
90.34 7.48 31.13
98.8 41.51 81.14
58.85 12.75 61.8
58.39 85.73 81.98
10.22 21.19 1.72
59.04 98.17 28.04
14.53 53.8 11.81
24.28 49.45 62.35
15.18 47.84 0.15
85.12 60.48 16.22
32.56 88.33 10.17
13.53 34.67 57.14
69.85 86.55 54.62
60.7 70.33 24.12
79.83 79.04 14.88
94.78 60.98 82.62
73.08 78.64 72.12
70 21.75 96.1
95.43 83.68 42.31
96.97 92.54 69.54
62.58 46.59 23.24
33.81 53.93 15.5
19.76 84.43 21.09
55.45 97.4 72.3
23.12 72.91 77.26
14.91 69.18 82.82
35.9 65.15 25.71
15.43 62.17 21.92
20.7 90.97 69.9
9.81 67.34 26.15
74.39 13.77 56.12
68.58 19.86 80.69
25.22 12.17 61.2
16.75 2.82 2.31
8.69 54.18 60.74
54.26 94.42 43.76
86.3 72.29 47.52
53.11 43.19 92.89
13.9 42.27 20.1
50.24 19.96 70.58
88.92 49.06 86.56
21.73 94.29 15.23
5.21 90.15 33.06
86.04 4.19 11.15
91.92 78.4 61.23
97.79 39.9 18.35
52.03 91.58 48.74
14.62 40.39 67.05
28.78 38.46 88.49
1.7 89.96 62.78
99.3 80.64 38.8
35.38 84.99 7.59
44.22 39.42 40.99
86.75 91.95 92.53
81.29 24.19 6.88
27.18 6.6 30.24
67.4 99 13.52
77.66 35.93 81.1
37.97 46.26 63.54
90.94 6.83 53.4
97.24 54.29 29.76
45.67 26.51 27.75
40.62 40.39 69.97
75.47 57.02 52.18
49.49 70.78 84.73
5.7 90.81 84.24
19.93 35.78 83.17
3.03 57.39 31.51
24.27 7.47 59.52
31.77 61.63 34.42
15.56 16.18 5.84
70.28 12.06 17.74
22.35 52.49 11.77
27.08 77.24 60.58
17.39 59.16 86.38
88.22 49.48 88.09
0.75 49.66 27.53
17.37 60.24 20.91
21.78 65.22 76.41
21.66 3.2 11.03
70.32 19.68 10.28
8.36 48.98 65.39
98.11 23.02 29.78
8.89 44.14 40.23
96.35 41.07 9.7
82.16 16.48 85.25
97.86 86.31 18.38
43.36 79.26 96.68
77.09 43.76 59.9
73.42 7.3 43.75
46.07 90.2 42.33
59.77 84.66 69.21
1.45 97.14 91.05
61.75 2.32 35.25
70.75 79.59 99.21
55.43 89.7 42.07
31.38 13.63 11.87
80.93 66.99 77.42
3.82 24.84 45.32
46.38 84.63 44.04
1.19 58.31 61
77.19 35.82 62.14
92.07 65.21 62.7
4.49 17.5 8.24
81.96 15.18 39.7
82.85 99.34 61.96
75.09 33.84 83.49
25.75 16.23 7.39
39.13 73.04 81.14
99.36 9.66 4.2
79.24 92.2 56.22
42.04 99.74 54
97.44 79.49 0.91
56.14 18.39 46.24
55.31 55.53 16.14
60.61 86.41 25.6
62.58 83.47 51.69
43.48 2.96 30.03
95.33 39.04 24.33
98.95 14.66 8.81
20.26 93.32 86.71
98.61 95.21 63.83
9.9 21.37 96.22
20.56 11.58 28.93
6.54 1.04 88.88
70.75 57.74 94.8
89.04 66.01 41.02
7.25 84.23 14.11
36.11 35.51 48.63
31.8 53.69 16.01
31.34 26.54 32.73
1.18 9.66 98.88
82.56 84.73 73.32
54.07 89.68 22.37
22.56 36.17 6.75
84.31 43.08 95.1
20.44 14.01 30.09
44.79 39.05 12.72
88.63 7.56 51.66
79.53 90.59 7.2
27.63 21.91 92.37
33.92 63.46 60.48
93.46 94.2 79.61
2.57 40 73.33
68.47 77.98 64.32
85.28 67.89 3.66
77.05 88.49 68.01
70.47 62.43 68.28
47.31 26.86 4.32
4.39 51.46 10.82
23.06 69.32 98.87
6.5 99.45 97.1
34.29 42.99 70.83
68.34 89.34 35.02
38.81 2.08 0.98
53.38 82.4 76.98
8.12 58.86 45.73
12.61 80.37 17.05
26.29 25.33 81.09
30.38 49.64 86.93
25.82 95.7 7.56
77.11 51 34.8
88.48 73.29 0.18
65.75 61.85 15.3
11.67 19.62 77.53
9.71 88.73 53.6
81.98 11.52 70.24
41.81 10.65 3.21
59.82 18.01 21.6
15.08 24.93 34.56
66.41 11.58 42.83
39.53 48.32 55.14
75.3 25.62 91.23
93.77 93.86 1.81
1.63 11.63 15.78
3 4.38 56.6
94.04 28.98 38.67
10.1 55.62 8.93
1.49 14.78 24.86
10.54 91 46.89
32.7 59.79 20
53.45 75.99 20.64
9.27 38.21 21.61
17.61 90.65 91.57
8.84 7.87 12.67
99.49 12.49 79.32
57.21 60.27 29.32
85.83 87.75 21.11
45.6 36.44 26.81
20.51 71.72 60.16
64.49 40.35 27.49
63.29 82.33 89.43
31.96 73.33 97.06
71.35 19.77 24.6
20.92 90.78 71.76
13.62 4.79 3.61
37.23 7.21 14.34
56.98 23.12 86.47
24.17 30.88 35.49
65.08 1.72 78.41
2.09 16.07 4.06
25.31 74.04 5.13
48.84 15.12 78.18
60.26 77.99 82.16
13.55 41.86 95.06
17.23 87.03 4.75
2.88 31.27 39.37
9.81 60.64 1.66
26.41 21.54 13.31
63.64 45.18 72.36
9.52 9.84 23.08
0.43 97.49 14.17
89.38 26.83 10.8
72.51 59.83 0.05
33.42 36.17 88.31
56.85 49.65 43.17
19.84 95.24 91.49
27.66 20.58 2.39
76.85 78.73 50.94
82.32 24.83 98.52
80.85 11 84.67
10.23 57.97 19.08
9.16 57.24 49.12
89.75 93.74 60.72
55.25 12 32.09
53.78 54.03 4.52
17.07 87.23 40.83
27.43 25.6 75.91
41.1 92.39 22.55
63.63 96.95 16.09
26.5 52.55 0.97
15.15 68.22 21.43
80.12 78.5 18.52
42.76 8.85 75.09
91.35 14.56 48.19
71.38 30.06 48.66
90.01 84.31 91.65
69.82 53.77 54.99
36.79 14.01 41.17
79.42 8.55 88.92
87.08 53.82 18.08
53.02 5.63 21.87
97.04 14.71 40.66
68.86 3.08 13.86
10.41 0.85 3.85
98.27 83.22 81.78
98.47 89.38 89.44
4.78 8.18 30.06
67.85 21.52 10.12
17.89 74.96 55.22
96.85 22.83 4.78
99.41 14.36 37.45
36.5 77.31 31.55
24.72 34.54 53.26
17.02 23.9 47.96
49.52 55 50.16
10.33 47.46 95.78
54.73 25.53 49.69
80.36 8.82 25.39
65.01 79.57 46.03
93.58 48.36 45.28
90.72 38.92 85.11
17.52 81.27 87.58
92.11 94.05 43.21
79.12 78.51 29.52
91.83 29.59 78.76
92.1 99.6 84.96
11.69 95.52 61.44
2.35 67.28 73.05
10.34 74.15 13.4
77.22 22.5 62.07
34.92 18.26 9
66.86 26.85 72.42
87.13 11.43 24.43
92 25.31 52.57
64.38 7.88 19.18
32.65 55.38 13.61
5.38 23.36 7.67
58.56 8.78 31.66
42.59 30.02 23.68
22.7 5.96 94.85
98.58 97.8 27.79
3.69 23.51 16.05
13.49 28.27 23.26
68.3 69.24 22.42
83.26 38.48 69.65
96 62.35 59.14
38.35 52.26 17.35
91.83 7.64 5.48
78.6 11.46 8.18
18.55 28.89 29.67
37.97 11.57 18.84
59.72 31.99 40.7
98.8 47.04 17.61
4.67 95.83 76.98
41.32 50.51 64.97
53.57 70.74 80.53
43.33 24.99 6.45
53.57 14.78 45.2
12.16 99.54 46.02
36.72 61.09 1.76
52.48 69.87 5.35
93.85 82.72 48.39
44.74 91.93 18.16
81.19 67.75 8.58
65.87 53.24 19.96
20.37 3.16 47.69
27.71 35.46 22.04
43.07 47.62 97.3
23.36 43.68 67.07
19.07 41.03 99.35
35.17 77 22.67
68.17 76.99 50.9
27.57 89.02 55.38
26.58 21.98 17.63
37.77 61.99 4.67
37.46 21.24 71.9
49.28 76.11 84.34
5.21 13.29 95.54
52.65 59.05 59.81
52.97 84.93 46.71
3.88 5.19 11.76
9.81 14.1 10.25
88.47 51.6 73.32
48.4 45.45 82
14.03 60.91 40.54
91.24 49.11 83.98
64.13 79.28 45.81
27.23 57.34 83.12
14.44 33.85 93.77
48.65 70.28 99.54
95.91 63.18 57.36
84.73 64.4 99.93
20.14 59.55 93
7.54 77.81 34.93
33.26 2.13 27.5
31.75 6.53 48.39
90.94 16.4 49.01
84.81 92.34 67.22
91.75 16 16.12
6.39 63.08 16.44
47.34 59.95 41.51
8.87 17.56 10.04
48.03 87.61 91.27
40.32 55.14 34.66
81.43 9.34 84.65
54.39 14.32 73.28
32.96 62.17 32.16
10.62 23.82 9.7
79.52 50.71 88.6
27.29 91.54 3.16
44.81 91.6 29.94
26.93 63.9 11.56
0.07 22.48 48.19
47.32 13.64 9.91
12.42 19.26 62.5
18.58 2.25 29.75
0.49 17.09 34.62
59.38 40.38 28.82
17.91 26.34 27.43
37.78 4.95 10.83
68.77 11.12 15.36
9.9 31.13 15.59
5.89 86.35 41.46
88.06 4.14 77.08
2.86 3.44 13.7
62.71 9.59 6.57
8.56 53.41 86.08
44.86 37.67 26.49
10.4 2.44 18.87
58.35 19.5 66.27
98.47 20.13 41.5
31.16 87.93 2.93
10.34 29.53 49.3
63.41 5.49 86.69
2.7 98.39 48.6
16.84 53.16 26.05
38.46 69.55 35.17
63.36 62.21 54.43
68.91 82 30.3
15.22 12.72 52.83
68.61 62.51 82.84
51.45 13.64 16.47
95.56 25.83 45.74
5.48 93.59 87.94
21.51 67.57 50.5
83.99 59.27 23.78
8.62 2.32 13.5
62.33 16.56 87.22
4.82 93.73 11.14
42.45 15.34 64.86
88.33 8.11 34.05
2.89 72.38 5.33
44 34.18 91.13
12.58 0.29 57.91
49.54 64.81 46.09
4.55 63.3 57.78
17.34 86.42 86.26
38 98.64 36.66
96.33 65.37 97.8
16.11 20.12 84.09
74.11 18.31 99.06
1.39 21.5 24.62
65.1 80.42 56.98
48.36 36.64 48.39
44.94 6.74 28.61
13.96 56.74 85.38
49.02 50.25 79.38
17.01 48.23 28.52
23.39 96.63 10.25
0.14 9.9 18.78
62.98 42.84 42.35
11.82 62.74 33.39
10.71 98.01 59.62
35.04 87.21 92.37
41.61 97.34 7.77
60.38 70.55 70.33
30.51 22.46 90.77
32.35 20.67 88.58
57.32 67.41 72.16
4.87 58.54 34.33
28.54 38.28 7.46
97.33 21.42 78.58
89.39 28.35 55.53
98.82 10.59 87.18
24.22 41.17 52.36
63.99 35.6 4.98
71.12 0.89 65.39
69.79 25.45 81.62
45.92 79.61 4.67
80.19 22.63 76.34
88.97 72.66 59.88
10.39 77.33 13.58
22.93 21.07 53.48
89.38 0.84 8.25
45.62 97.58 23.12
22.05 7.37 14.82
76.96 87.5 82.08
70.68 58.91 22.98
65.14 54.44 23.21
29.39 37.39 7.42
79.67 67.6 86.1
88 39.53 93.27
69.32 44.93 13.36
83.37 49.34 70.81
48.62 95.99 31.33
14.3 21.6 48.52
92.65 84.46 99.16
77.3 0.47 49.06
1.86 29.94 86.38
75.38 5.44 82.62
58.6 77.02 86.08
4.5 26.66 4.44
94.13 50.5 91.49
32.11 24.78 34.21
35.75 50.48 64.26
54.11 7.33 0.47
67.57 31.06 3.3
14.12 15.86 15.27
62.37 20.42 39.93
24.84 30.22 47.88
53.46 34.13 72.06
87.3 22.59 9.83
51.83 24.95 24.39
34.18 24.9 58.56
71.84 56.22 63.68
57.43 42.54 63.17
13.87 51.21 19.2
4.8 26.62 40.84
42.5 9.32 4.5
39.57 84.4 94.14
57.54 81.94 12.98
22.53 9.85 13.23
24.8 47.99 22.67
48.3 60.48 1.83
61.93 39.72 79.42
56.69 48.57 71.9
24.67 36.86 2.54
32.03 72.57 63.41
69.71 8.22 40.93
11.22 36.54 65.64
73.74 10.58 66.02
28.03 48.38 81.2
60.05 0.18 21.58
52.67 92.36 7.56
23.59 16.39 12.6
33.74 10.3 56.8
25.71 25.32 70.56
38.93 97.89 40.47
6.31 80.57 4.19
0.34 19.39 50.48
79.53 0.45 12.04
99.2 73.19 98.57
42.78 87.33 11.39
8.52 41.34 54.5
50.92 76.24 81.33
18.6 25.94 86.16
9.87 2.41 94.84
28.02 14.22 21.62
80.5 44.43 53.94
71.57 21.49 90.87
60.19 62.06 55.15
33.2 41.29 98.94
61.03 18.74 8.75
68.2 63.93 58.36
5.76 25.72 8.18
62.09 3.05 65.33
51.62 2.16 33.71
8.64 20.22 58.48
19.08 70.29 86.92
71.52 97.64 93.28
94.48 66.3 92.06
14.04 41.08 40.47
30.7 45.74 31.4
3.35 49.89 84.22
90.72 57.13 19.07
90.9 66.13 68.72
4.52 91.23 67.66
85.03 47.67 4.51
85.91 1.74 11.95
92.71 54.35 9.02
63.7 99.54 98.94
47.36 17.79 7.63
43.33 13.84 42.74
44.8 22.92 80
99.23 1.22 65.44
27.3 95.75 5.46
63.59 78.61 75.58
8.69 80.37 14.68
27.82 43.72 40.49
66.36 21.38 40.47
75.99 86.93 27.11
13.48 19.74 5.94
58.91 77.14 40.84
59.96 67.1 98.26
94.09 38.2 8.54
45.84 73.14 78.72
32.85 32.55 59.19
97.76 24.78 46.27
24.39 13.77 88.17
49.23 24.66 12.09
50.02 15.26 73.36
22.6 17.68 27.48
89.28 54.47 66.37
6.97 51.63 17.47
86.74 22.22 40.18
63.33 48.29 50.17
27.16 36.27 20.69
21.5 3.73 83.37
62.45 54.94 90.36
47.64 69.91 85.58
71.32 77.59 46.91
51.87 96.3 20.77
20.16 3.25 76.76
94.94 9.86 97.69
66.64 95.41 39.49
29.72 31.66 64.25
46.09 51.72 86.16
12.19 21.42 46.33
12.49 43.83 45.3
1.8 24.92 13.67
7.53 41.99 50.14
97.32 79.8 18.22
22.97 28.86 40.21
71.72 15.86 97.5
5.45 99.93 5.17
7.14 73.43 58.42
20.47 28.73 92.89
48.81 47.81 6.07
45.85 22.63 20.59
38.75 48.78 76.39
47.67 51.92 45.74
21.57 6 84.65
45.9 87.67 59.85
26.32 10.72 60.83
87.78 55.84 15.64
25.13 42.49 91.77
74.58 32.26 33.72
95.73 9.1 17.53
10.42 32.57 31.97
35.29 72.27 78.93
77.76 56.71 34.22
62.16 84.15 24.41
37.54 76.45 33.44
66.71 24.78 7.63
74.8 40.09 10.52
70.2 60 17.86
82.19 92.75 11.47
99.79 79.97 27.72
61.52 67.07 45.29
21.35 55.71 66.13
59.3 98.69 55.85
53.87 43.83 31.5
32.6 47.54 73.96
60.82 87.79 94.93
